1 0.14783653846153846 0.6334134615384616 0.09375 0.12379807692307693
0 0.9194711538461539 0.6899038461538461 0.08774038461538461 0.19831730769230768
1 0.21153846153846154 0.6141826923076923 0.057692307692307696 0.08052884615384616
1 0.34134615384615385 0.6189903846153846 0.04567307692307692 0.0673076923076923
1 0.39903846153846156 0.6286057692307693 0.08774038461538461 0.0985576923076923
1 0.4579326923076923 0.6201923076923077 0.06490384615384616 0.08413461538461539
1 0.5288461538461539 0.6334134615384616 0.11298076923076923 0.10336538461538461
1 0.6045673076923077 0.6189903846153846 0.10096153846153846 0.10576923076923077
1 0.6418269230769231 0.6165865384615384 0.04927884615384615 0.05889423076923077
1 0.7259615384615384 0.6262019230769231 0.12860576923076922 0.11057692307692307
1 0.7884615384615384 0.6322115384615384 0.07572115384615384 0.0829326923076923
1 0.7716346153846154 0.5865384615384616 0.03365384615384615 0.008413461538461538
1 0.8485576923076923 0.6262019230769231 0.1045673076923077 0.08533653846153846