1 0.6237980769230769 0.6310096153846154 0.6382211538461539 0.5757211538461539
0 0.018028846153846152 0.3389423076923077 0.036057692307692304 0.1622596153846154
0 0.02283653846153846 0.5144230769230769 0.04447115384615385 0.37259615384615385
0 0.2127403846153846 0.5276442307692307 0.0889423076923077 0.43509615384615385
0 0.20432692307692307 0.27403846153846156 0.038461538461538464 0.17307692307692307
0 0.3173076923076923 0.328125 0.051682692307692304 0.23197115384615385
0 0.39903846153846156 0.4423076923076923 0.06971153846153846 0.34975961538461536
0 0.43990384615384615 0.4266826923076923 0.054086538461538464 0.3076923076923077
0 0.4879807692307692 0.4230769230769231 0.037259615384615384 0.15985576923076922
0 0.4951923076923077 0.28846153846153844 0.042067307692307696 0.11298076923076923
0 0.5408653846153846 0.3485576923076923 0.055288461538461536 0.20432692307692307
0 0.5757211538461539 0.2920673076923077 0.046875 0.11778846153846154
0 0.6358173076923077 0.2932692307692308 0.04927884615384615 0.10336538461538461
0 0.7451923076923077 0.2956730769230769 0.05048076923076923 0.17668269230769232
0 0.8004807692307693 0.32572115384615385 0.038461538461538464 0.1045673076923077
0 0.9759615384615384 0.3762019230769231 0.040865384615384616 0.26802884615384615