0 0.5348557692307693 0.9350961538461539 0.06370192307692307 0.12740384615384615
1 0.2439903846153846 0.9050480769230769 0.23918269230769232 0.14783653846153846
0 0.578125 0.8641826923076923 0.03365384615384615 0.140625
0 0.6081730769230769 0.8665865384615384 0.025240384615384616 0.13341346153846154
0 0.6322115384615384 0.859375 0.013221153846153846 0.1141826923076923
0 0.6526442307692307 0.8569711538461539 0.02283653846153846 0.11899038461538461
0 0.6802884615384616 0.8882211538461539 0.03365384615384615 0.15865384615384615
0 0.71875 0.8930288461538461 0.040865384615384616 0.1935096153846154
0 0.7752403846153846 0.8834134615384616 0.054086538461538464 0.2091346153846154
0 0.8185096153846154 0.8846153846153846 0.04326923076923077 0.1778846153846154
0 0.8930288461538461 0.8834134615384616 0.07572115384615384 0.23076923076923078
1 0.07572115384615384 0.9230769230769231 0.1502403846153846 0.1502403846153846
1 0.43028846153846156 0.8461538461538461 0.1502403846153846 0.14302884615384615
1 0.5012019230769231 0.8221153846153846 0.042067307692307696 0.08413461538461539
1 0.5480769230769231 0.8100961538461539 0.06009615384615385 0.0625
1 0.5360576923076923 0.8245192307692307 0.028846153846153848 0.046875
1 0.7151442307692307 0.8028846153846154 0.055288461538461536 0.056490384615384616