1 0.7367788461538461 0.5348557692307693 0.30288461538461536 0.14302884615384615
0 0.1045673076923077 0.390625 0.04447115384615385 0.06490384615384616
0 0.14903846153846154 0.3786057692307692 0.03125 0.06971153846153846
0 0.16466346153846154 0.3918269230769231 0.03365384615384615 0.05889423076923077
0 0.203125 0.3870192307692308 0.04567307692307692 0.08653846153846154
0 0.2692307692307692 0.39783653846153844 0.038461538461538464 0.09254807692307693
0 0.3076923076923077 0.39903846153846156 0.042067307692307696 0.09014423076923077
0 0.3389423076923077 0.41346153846153844 0.042067307692307696 0.06009615384615385
0 0.3942307692307692 0.4050480769230769 0.03365384615384615 0.0829326923076923
0 0.5733173076923077 0.4807692307692308 0.07572115384615384 0.0889423076923077
0 0.5745192307692307 0.40865384615384615 0.040865384615384616 0.14182692307692307
0 0.7139423076923077 0.43028846153846156 0.03365384615384615 0.06490384615384616
0 0.7199519230769231 0.39783653846153844 0.038461538461538464 0.08774038461538461
0 0.75 0.39903846153846156 0.04567307692307692 0.11298076923076923
0 0.7992788461538461 0.3581730769230769 0.078125 0.10336538461538461
0 0.7992788461538461 0.44591346153846156 0.036057692307692304 0.09975961538461539
0 0.8353365384615384 0.4326923076923077 0.03365384615384615 0.12860576923076922
0 0.8725961538461539 0.45072115384615385 0.04326923076923077 0.11298076923076923
0 0.8954326923076923 0.5757211538461539 0.06129807692307692 0.23076923076923078
0 0.9038461538461539 0.3473557692307692 0.038461538461538464 0.0985576923076923
0 0.9182692307692307 0.39663461538461536 0.042067307692307696 0.11899038461538461
0 0.9362980769230769 0.42788461538461536 0.039663461538461536 0.15264423076923078
0 0.9471153846153846 0.2668269230769231 0.02403846153846154 0.10817307692307693
0 0.9651442307692307 0.3473557692307692 0.04567307692307692 0.12740384615384615
0 0.9807692307692307 0.23918269230769232 0.02403846153846154 0.08653846153846154
0 0.9927884615384616 0.20673076923076922 0.013221153846153846 0.052884615384615384
1 0.09134615384615384 0.5072115384615384 0.18269230769230768 0.21153846153846154