0 0.013221153846153846 0.5300480769230769 0.026442307692307692 0.14423076923076922
0 0.03245192307692308 0.5252403846153846 0.04567307692307692 0.1466346153846154
0 0.06610576923076923 0.4891826923076923 0.03365384615384615 0.06610576923076923
0 0.2848557692307692 0.5036057692307693 0.04807692307692308 0.09735576923076923
0 0.31490384615384615 0.5120192307692307 0.040865384615384616 0.09375
0 0.5348557692307693 0.5048076923076923 0.020432692307692308 0.09014423076923077
0 0.5516826923076923 0.5060096153846154 0.016826923076923076 0.09375
0 0.6009615384615384 0.6069711538461539 0.056490384615384616 0.04807692307692308
0 0.5877403846153846 0.5012019230769231 0.026442307692307692 0.08653846153846154
0 0.6129807692307693 0.4987980769230769 0.020432692307692308 0.08052884615384616
0 0.6430288461538461 0.5060096153846154 0.03485576923076923 0.0733173076923077
0 0.6670673076923077 0.4951923076923077 0.02403846153846154 0.08653846153846154
0 0.6923076923076923 0.4951923076923077 0.02283653846153846 0.08533653846153846
0 0.8485576923076923 0.7307692307692307 0.08173076923076923 0.2644230769230769
0 0.8557692307692307 0.47475961538461536 0.009615384615384616 0.03125
0 0.8954326923076923 0.7487980769230769 0.07211538461538461 0.2764423076923077
0 0.8689903846153846 0.47596153846153844 0.008413461538461538 0.026442307692307692
0 0.9086538461538461 0.5637019230769231 0.054086538461538464 0.07091346153846154
0 0.8882211538461539 0.47716346153846156 0.009615384615384616 0.026442307692307692
0 0.9783653846153846 0.7560096153846154 0.040865384615384616 0.2704326923076923
1 0.6201923076923077 0.6802884615384616 0.5132211538461539 0.2932692307692308
1 0.8665865384615384 0.5048076923076923 0.08653846153846154 0.06610576923076923