0 0.04807692307692308 0.25600961538461536 0.055288461538461536 0.17668269230769232
0 0.12379807692307693 0.39903846153846156 0.09735576923076923 0.33533653846153844
0 0.1935096153846154 0.36658653846153844 0.06971153846153846 0.3329326923076923
0 0.26322115384615385 0.054086538461538464 0.055288461538461536 0.10817307692307693
0 0.3545673076923077 0.23197115384615385 0.08173076923076923 0.17427884615384615
0 0.3858173076923077 0.2860576923076923 0.055288461538461536 0.08413461538461539
0 0.39903846153846156 0.21754807692307693 0.06009615384615385 0.18629807692307693
0 0.4423076923076923 0.20552884615384615 0.06610576923076923 0.1814903846153846
0 0.5 0.1971153846153846 0.04927884615384615 0.19831730769230768
0 0.5853365384615384 0.22956730769230768 0.04567307692307692 0.13581730769230768
0 0.625 0.20673076923076922 0.04927884615384615 0.109375
0 0.6502403846153846 0.2704326923076923 0.09375 0.21153846153846154
0 0.8317307692307693 0.20192307692307693 0.06490384615384616 0.203125
0 0.9362980769230769 0.18269230769230768 0.11177884615384616 0.22956730769230768
1 0.4891826923076923 0.42908653846153844 0.6286057692307693 0.2776442307692308