1 0.4891826923076923 0.5276442307692307 0.9735576923076923 0.9194711538461539
0 0.07572115384615384 0.42427884615384615 0.010817307692307692 0.05889423076923077
0 0.09375 0.30288461538461536 0.046875 0.20192307692307693
0 0.21153846153846154 0.28125 0.10096153846153846 0.21875
0 0.5336538461538461 0.5576923076923077 0.3245192307692308 0.6850961538461539
0 0.43509615384615385 0.16826923076923078 0.015625 0.03125
0 0.45552884615384615 0.18269230769230768 0.025240384615384616 0.05889423076923077
0 0.5216346153846154 0.14903846153846154 0.04927884615384615 0.08052884615384616
0 0.6177884615384616 0.109375 0.03125 0.051682692307692304
0 0.9435096153846154 0.22115384615384615 0.11177884615384616 0.28365384615384615
1 0.8798076923076923 0.2644230769230769 0.04927884615384615 0.0733173076923077