0 0.39783653846153844 0.7872596153846154 0.15144230769230768 0.3737980769230769
0 0.15985576923076922 0.7259615384615384 0.31971153846153844 0.5456730769230769
0 0.234375 0.3088942307692308 0.018028846153846152 0.06490384615384616
0 0.2980769230769231 0.18870192307692307 0.020432692307692308 0.06971153846153846
0 0.3233173076923077 0.1971153846153846 0.02283653846153846 0.05889423076923077
0 0.3389423076923077 0.4699519230769231 0.03365384615384615 0.07572115384615384
0 0.34975961538461536 0.3894230769230769 0.02403846153846154 0.06971153846153846
0 0.5180288461538461 0.859375 0.22596153846153846 0.2776442307692308
0 0.4495192307692308 0.2608173076923077 0.018028846153846152 0.055288461538461536
0 0.47596153846153844 0.42427884615384615 0.02403846153846154 0.054086538461538464
0 0.5036057692307693 0.10576923076923077 0.025240384615384616 0.06129807692307692
0 0.5697115384615384 0.49278846153846156 0.03125 0.051682692307692304
0 0.59375 0.33774038461538464 0.03365384615384615 0.039663461538461536
0 0.6045673076923077 0.49158653846153844 0.026442307692307692 0.054086538461538464
0 0.6021634615384616 0.2536057692307692 0.020432692307692308 0.055288461538461536
0 0.6298076923076923 0.25721153846153844 0.020432692307692308 0.04807692307692308
0 0.6598557692307693 0.3449519230769231 0.02403846153846154 0.07451923076923077
0 0.6622596153846154 0.4182692307692308 0.018028846153846152 0.0733173076923077
0 0.6658653846153846 0.49399038461538464 0.02403846153846154 0.054086538461538464
0 0.6923076923076923 0.39903846153846156 0.030048076923076924 0.057692307692307696
0 0.703125 0.1201923076923077 0.020432692307692308 0.06610576923076923
0 0.7764423076923077 0.4375 0.02403846153846154 0.06009615384615385
0 0.8016826923076923 0.20552884615384615 0.03245192307692308 0.052884615384615384
0 0.8930288461538461 0.4987980769230769 0.027644230769230768 0.04927884615384615
0 0.9338942307692307 0.34975961538461536 0.028846153846153848 0.055288461538461536
1 0.14903846153846154 0.6923076923076923 0.2980769230769231 0.1778846153846154
1 0.6538461538461539 0.6995192307692307 0.3918269230769231 0.18269230769230768
1 0.8209134615384616 0.6742788461538461 0.2620192307692308 0.18629807692307693