0 0.15264423076923078 0.8858173076923077 0.09014423076923077 0.140625
1 0.06129807692307692 0.8233173076923077 0.12139423076923077 0.0733173076923077
0 0.125 0.7740384615384616 0.02403846153846154 0.037259615384615384
0 0.15985576923076922 0.7764423076923077 0.016826923076923076 0.040865384615384616
0 0.28365384615384615 0.8209134615384616 0.05889423076923077 0.06610576923076923
0 0.3317307692307692 0.8774038461538461 0.10096153846153846 0.15264423076923078
0 0.35336538461538464 0.7860576923076923 0.018028846153846152 0.03365384615384615
0 0.42427884615384615 0.8954326923076923 0.04807692307692308 0.03365384615384615
0 0.5024038461538461 0.7391826923076923 0.038461538461538464 0.03365384615384615
0 0.5853365384615384 0.8774038461538461 0.1622596153846154 0.18509615384615385
0 0.8401442307692307 0.8834134615384616 0.10817307692307693 0.15504807692307693
0 0.8485576923076923 0.8822115384615384 0.12379807692307693 0.13221153846153846
0 0.8774038461538461 0.8209134615384616 0.057692307692307696 0.1045673076923077
0 0.9350961538461539 0.8341346153846154 0.04927884615384615 0.10576923076923077
1 0.4074519230769231 0.7752403846153846 0.056490384615384616 0.04447115384615385
1 0.45072115384615385 0.7788461538461539 0.06610576923076923 0.04447115384615385