0 0.020432692307692308 0.484375 0.039663461538461536 0.08774038461538461
0 0.04567307692307692 0.4639423076923077 0.04447115384615385 0.13942307692307693
0 0.0889423076923077 0.44591346153846156 0.039663461538461536 0.18509615384615385
0 0.12860576923076922 0.5240384615384616 0.055288461538461536 0.19471153846153846
0 0.20673076923076922 0.484375 0.04567307692307692 0.11298076923076923
0 0.2283653846153846 0.4411057692307692 0.027644230769230768 0.15504807692307693
0 0.24759615384615385 0.4651442307692308 0.04447115384615385 0.1310096153846154
0 0.25841346153846156 0.42788461538461536 0.037259615384615384 0.16466346153846154
0 0.3173076923076923 0.3329326923076923 0.04927884615384615 0.08173076923076923
0 0.3125 0.44471153846153844 0.028846153846153848 0.08774038461538461
0 0.46634615384615385 0.4807692307692308 0.051682692307692304 0.18629807692307693
0 0.47716346153846156 0.4639423076923077 0.038461538461538464 0.1346153846153846
0 0.5204326923076923 0.5300480769230769 0.056490384615384616 0.19831730769230768
0 0.5216346153846154 0.43509615384615385 0.042067307692307696 0.06009615384615385
0 0.5420673076923077 0.21995192307692307 0.028846153846153848 0.05889423076923077
0 0.5576923076923077 0.5997596153846154 0.04807692307692308 0.16706730769230768
0 0.5649038461538461 0.46274038461538464 0.04447115384615385 0.125
0 0.5949519230769231 0.7379807692307693 0.04447115384615385 0.039663461538461536
0 0.5961538461538461 0.4326923076923077 0.02283653846153846 0.06009615384615385
0 0.6177884615384616 0.4387019230769231 0.04326923076923077 0.06850961538461539
0 0.6310096153846154 0.4951923076923077 0.046875 0.09735576923076923
0 0.6514423076923077 0.4483173076923077 0.025240384615384616 0.10697115384615384
0 0.703125 0.2764423076923077 0.04447115384615385 0.0625
0 0.7572115384615384 0.5360576923076923 0.052884615384615384 0.16466346153846154
0 0.7415865384615384 0.27884615384615385 0.015625 0.03365384615384615
0 0.7560096153846154 0.23918269230769232 0.042067307692307696 0.0985576923076923
0 0.7740384615384616 0.265625 0.04447115384615385 0.08653846153846154
0 0.78125 0.4675480769230769 0.04567307692307692 0.09375
0 0.7908653846153846 0.6045673076923077 0.05048076923076923 0.18028846153846154
0 0.8473557692307693 0.49759615384615385 0.06009615384615385 0.09495192307692307
0 0.8521634615384616 0.2848557692307692 0.03365384615384615 0.054086538461538464
0 0.8774038461538461 0.2644230769230769 0.026442307692307692 0.06490384615384616
0 0.9026442307692307 0.5516826923076923 0.07451923076923077 0.14423076923076922
1 0.3449519230769231 0.5877403846153846 0.3786057692307692 0.16105769230769232
1 0.5913461538461539 0.7451923076923077 0.44350961538461536 0.1201923076923077
1 0.9230769230769231 0.6875 0.15264423076923078 0.18269230769230768