0 0.12139423076923077 0.6754807692307693 0.18389423076923078 0.5997596153846154
0 0.026442307692307692 0.5588942307692307 0.02403846153846154 0.08052884615384616
0 0.4266826923076923 0.6911057692307693 0.24158653846153846 0.6141826923076923
0 0.4110576923076923 0.7427884615384616 0.17908653846153846 0.4855769230769231
0 0.5588942307692307 0.47836538461538464 0.021634615384615384 0.08052884615384616
0 0.59375 0.47475961538461536 0.026442307692307692 0.019230769230769232
0 0.5973557692307693 0.47836538461538464 0.019230769230769232 0.07211538461538461
0 0.7536057692307693 0.49038461538461536 0.019230769230769232 0.05889423076923077
0 0.9375 0.4254807692307692 0.014423076923076924 0.055288461538461536
0 0.9579326923076923 0.5733173076923077 0.03125 0.09495192307692307
0 0.9855769230769231 0.6658653846153846 0.02403846153846154 0.19831730769230768
1 0.004807692307692308 0.6574519230769231 0.009615384615384616 0.109375
1 0.47115384615384615 0.6658653846153846 0.5649038461538461 0.3293269230769231