0 0.1814903846153846 0.20192307692307693 0.07572115384615384 0.12259615384615384
0 0.08533653846153846 0.22115384615384615 0.025240384615384616 0.07211538461538461
0 0.12740384615384615 0.24158653846153846 0.028846153846153848 0.04326923076923077
0 0.1875 0.33774038461538464 0.11057692307692307 0.18629807692307693
0 0.27283653846153844 0.23557692307692307 0.04447115384615385 0.12740384615384615
0 0.3076923076923077 0.2091346153846154 0.037259615384615384 0.10336538461538461
0 0.38822115384615385 0.25600961538461536 0.02403846153846154 0.05889423076923077
0 0.9435096153846154 0.2127403846153846 0.014423076923076924 0.025240384615384616
0 0.9771634615384616 0.33533653846153844 0.04326923076923077 0.35336538461538464
0 0.9651442307692307 0.21514423076923078 0.014423076923076924 0.020432692307692308
1 0.08653846153846154 0.28125 0.171875 0.10216346153846154
1 0.5120192307692307 0.48197115384615385 0.9735576923076923 0.6959134615384616
1 0.3173076923076923 0.25600961538461536 0.17067307692307693 0.109375
1 0.9579326923076923 0.30288461538461536 0.06370192307692307 0.22716346153846154