0 0.06850961538461539 0.44711538461538464 0.08653846153846154 0.3701923076923077
1 0.7740384615384616 0.5625 0.4266826923076923 0.41947115384615385
0 0.37740384615384615 0.5336538461538461 0.13221153846153846 0.4326923076923077
0 0.5384615384615384 0.5552884615384616 0.21754807692307693 0.5144230769230769
0 0.47475961538461536 0.4495192307692308 0.06850961538461539 0.25240384615384615
0 0.5733173076923077 0.3737980769230769 0.018028846153846152 0.06129807692307692
0 0.578125 0.3329326923076923 0.007211538461538462 0.025240384615384616
0 0.5889423076923077 0.38221153846153844 0.02283653846153846 0.10576923076923077
0 0.609375 0.3786057692307692 0.013221153846153846 0.09254807692307693
0 0.6334134615384616 0.39783653846153844 0.04807692307692308 0.12620192307692307
0 0.640625 0.36177884615384615 0.014423076923076924 0.05048076923076923
0 0.65625 0.3894230769230769 0.02403846153846154 0.10336538461538461
0 0.6730769230769231 0.38221153846153844 0.02403846153846154 0.10096153846153846
0 0.6923076923076923 0.37259615384615385 0.028846153846153848 0.10096153846153846
0 0.7079326923076923 0.375 0.018028846153846152 0.09134615384615384
0 0.7199519230769231 0.375 0.03125 0.07692307692307693
0 0.7427884615384616 0.34975961538461536 0.028846153846153848 0.057692307692307696
0 0.7632211538461539 0.3581730769230769 0.019230769230769232 0.04567307692307692
0 0.7632211538461539 0.3245192307692308 0.010817307692307692 0.026442307692307692
0 0.7836538461538461 0.35096153846153844 0.021634615384615384 0.046875
0 0.8028846153846154 0.35096153846153844 0.03485576923076923 0.04927884615384615