0 0.037259615384615384 0.6045673076923077 0.07451923076923077 0.0985576923076923
0 0.14423076923076922 0.48197115384615385 0.039663461538461536 0.1466346153846154
0 0.23798076923076922 0.453125 0.038461538461538464 0.0985576923076923
0 0.2776442307692308 0.41346153846153844 0.025240384615384616 0.051682692307692304
0 0.40384615384615385 0.6358173076923077 0.07451923076923077 0.3545673076923077
0 0.6742788461538461 0.6610576923076923 0.08774038461538461 0.38822115384615385
0 0.6790865384615384 0.4699519230769231 0.038461538461538464 0.09975961538461539
0 0.9447115384615384 0.45913461538461536 0.046875 0.10576923076923077
1 0.09495192307692307 0.4266826923076923 0.15384615384615385 0.06129807692307692
1 0.22355769230769232 0.4567307692307692 0.16706730769230768 0.09735576923076923
1 0.25240384615384615 0.42427884615384615 0.09735576923076923 0.046875
1 0.7067307692307693 0.4723557692307692 0.23076923076923078 0.11899038461538461