0 0.9555288461538461 0.5348557692307693 0.06129807692307692 0.3545673076923077
0 0.19831730769230768 0.5420673076923077 0.04567307692307692 0.15985576923076922
0 0.22596153846153846 0.5384615384615384 0.037259615384615384 0.14903846153846154
0 0.25600961538461536 0.5396634615384616 0.04326923076923077 0.15264423076923078
0 0.32091346153846156 0.5372596153846154 0.04807692307692308 0.17668269230769232
0 0.3701923076923077 0.5252403846153846 0.04326923076923077 0.19951923076923078
0 0.40625 0.5360576923076923 0.05889423076923077 0.21995192307692307
0 0.48677884615384615 0.5300480769230769 0.052884615384615384 0.2283653846153846
0 0.5985576923076923 0.5264423076923077 0.06490384615384616 0.2536057692307692
0 0.7007211538461539 0.5384615384615384 0.06009615384615385 0.24639423076923078
0 0.8425480769230769 0.5420673076923077 0.06490384615384616 0.24759615384615385
1 0.010817307692307692 0.5540865384615384 0.021634615384615384 0.07451923076923077
1 0.052884615384615384 0.5456730769230769 0.07451923076923077 0.10697115384615384
1 0.1310096153846154 0.5504807692307693 0.11298076923076923 0.11658653846153846
1 0.28725961538461536 0.5673076923076923 0.03365384615384615 0.09735576923076923
1 0.49759615384615385 0.5444711538461539 0.14903846153846154 0.15625
1 0.6045673076923077 0.5673076923076923 0.15384615384615385 0.14903846153846154
1 0.8076923076923077 0.5552884615384616 0.24158653846153846 0.2127403846153846
1 0.9507211538461539 0.5817307692307693 0.09615384615384616 0.1778846153846154