0 0.009615384615384616 0.7115384615384616 0.018028846153846152 0.0733173076923077
0 0.026442307692307692 0.6971153846153846 0.02403846153846154 0.08052884615384616
0 0.051682692307692304 0.7427884615384616 0.036057692307692304 0.1502403846153846
0 0.07572115384615384 0.7427884615384616 0.025240384615384616 0.13822115384615385
0 0.07692307692307693 0.6838942307692307 0.013221153846153846 0.038461538461538464
0 0.11538461538461539 0.7403846153846154 0.038461538461538464 0.13221153846153846
0 0.125 0.6862980769230769 0.015625 0.052884615384615384
0 0.16826923076923078 0.8173076923076923 0.0625 0.23677884615384615
0 0.2091346153846154 0.8173076923076923 0.046875 0.24158653846153846
0 0.4074519230769231 0.7836538461538461 0.04447115384615385 0.19471153846153846
0 0.4014423076923077 0.6887019230769231 0.018028846153846152 0.07451923076923077
0 0.41466346153846156 0.6790865384615384 0.015625 0.07932692307692307
0 0.45072115384615385 0.78125 0.04447115384615385 0.20072115384615385
0 0.453125 0.6862980769230769 0.028846153846153848 0.055288461538461536
0 0.5012019230769231 0.8822115384615384 0.09735576923076923 0.23317307692307693
0 0.4651442307692308 0.6947115384615384 0.013221153846153846 0.08052884615384616
0 0.46875 0.6742788461538461 0.016826923076923076 0.054086538461538464
0 0.47716346153846156 0.7043269230769231 0.028846153846153848 0.09975961538461539
0 0.6165865384615384 0.7704326923076923 0.057692307692307696 0.2091346153846154
0 0.6526442307692307 0.6754807692307693 0.018028846153846152 0.0625
0 0.6550480769230769 0.6658653846153846 0.014423076923076924 0.0625
0 0.6778846153846154 0.7427884615384616 0.04927884615384615 0.10216346153846154
0 0.6682692307692307 0.6742788461538461 0.021634615384615384 0.07211538461538461
0 0.6995192307692307 0.7331730769230769 0.04447115384615385 0.10336538461538461
0 0.8713942307692307 0.7319711538461539 0.03365384615384615 0.13822115384615385
0 0.8882211538461539 0.7199519230769231 0.03365384615384615 0.15504807692307693
1 0.23317307692307693 0.7199519230769231 0.19951923076923078 0.0889423076923077
1 0.8100961538461539 0.8509615384615384 0.37740384615384615 0.29447115384615385