0 0.7692307692307693 0.5540865384615384 0.09975961538461539 0.47836538461538464
0 0.016826923076923076 0.375 0.03365384615384615 0.17668269230769232
0 0.06490384615384616 0.36658653846153844 0.06610576923076923 0.14423076923076922
0 0.07572115384615384 0.3112980769230769 0.06610576923076923 0.12259615384615384
0 0.1346153846153846 0.30288461538461536 0.06370192307692307 0.12139423076923077
0 0.234375 0.625 0.22235576923076922 0.7451923076923077
0 0.38341346153846156 0.35697115384615385 0.13221153846153846 0.22235576923076922
0 0.48677884615384615 0.6177884615384616 0.17908653846153846 0.7608173076923077
0 0.5745192307692307 0.3942307692307692 0.09615384615384616 0.23918269230769232
0 0.6598557692307693 0.5384615384615384 0.10576923076923077 0.484375
0 0.6802884615384616 0.33653846153846156 0.08533653846153846 0.13581730769230768
0 0.8786057692307693 0.5192307692307693 0.125 0.43149038461538464
0 0.9471153846153846 0.49399038461538464 0.10096153846153846 0.45552884615384615
1 0.3173076923076923 0.6646634615384616 0.6346153846153846 0.5168269230769231