0 0.29927884615384615 0.37259615384615385 0.09134615384615384 0.29447115384615385
0 0.18269230769230768 0.2800480769230769 0.06850961538461539 0.15745192307692307
0 0.21875 0.27524038461538464 0.039663461538461536 0.1502403846153846
0 0.3269230769230769 0.20793269230769232 0.018028846153846152 0.057692307692307696
0 0.39302884615384615 0.3557692307692308 0.09014423076923077 0.125
0 0.38221153846153844 0.21875 0.015625 0.0733173076923077
0 0.4254807692307692 0.21153846153846154 0.025240384615384616 0.07211538461538461
0 0.47716346153846156 0.21033653846153846 0.02403846153846154 0.07211538461538461
0 0.4987980769230769 0.2403846153846154 0.028846153846153848 0.1346153846153846
0 0.6694711538461539 0.2548076923076923 0.05048076923076923 0.1466346153846154
0 0.7487980769230769 0.25721153846153844 0.06490384615384616 0.203125
0 0.9483173076923077 0.32572115384615385 0.09975961538461539 0.3076923076923077
1 0.109375 0.47596153846153844 0.21875 0.421875