1 0.7439903846153846 0.6177884615384616 0.34134615384615385 0.19951923076923078
0 0.45072115384615385 0.05889423076923077 0.16346153846153846 0.11778846153846154
0 0.8894230769230769 0.09014423076923077 0.1502403846153846 0.18028846153846154
1 0.1141826923076923 0.35096153846153844 0.09014423076923077 0.06009615384615385
1 0.21153846153846154 0.5757211538461539 0.2824519230769231 0.1502403846153846
1 0.265625 0.3317307692307692 0.10096153846153846 0.056490384615384616
1 0.296875 0.31009615384615385 0.09375 0.052884615384615384
1 0.3545673076923077 0.3918269230769231 0.203125 0.08653846153846154
1 0.36177884615384615 0.47115384615384615 0.20552884615384615 0.09615384615384616
1 0.39903846153846156 0.3269230769230769 0.09495192307692307 0.06490384615384616
1 0.41225961538461536 0.28125 0.09975961538461539 0.026442307692307692
1 0.6778846153846154 0.4963942307692308 0.27283653846153844 0.125
1 0.6694711538461539 0.43990384615384615 0.2091346153846154 0.1045673076923077
1 0.6430288461538461 0.36177884615384615 0.10096153846153846 0.06129807692307692
1 0.9074519230769231 0.6069711538461539 0.18389423076923078 0.16826923076923078
1 0.9639423076923077 0.5048076923076923 0.06850961538461539 0.07572115384615384