1 0.46875 0.49278846153846156 0.8737980769230769 0.7223557692307693
0 0.28365384615384615 0.14182692307692307 0.04567307692307692 0.11057692307692307
0 0.328125 0.15985576923076922 0.020432692307692308 0.07451923076923077
0 0.3870192307692308 0.13822115384615385 0.02403846153846154 0.051682692307692304
0 0.7235576923076923 0.11899038461538461 0.018028846153846152 0.0673076923076923
0 0.7824519230769231 0.16105769230769232 0.040865384615384616 0.08052884615384616
0 0.8149038461538461 0.16947115384615385 0.046875 0.1466346153846154
0 0.9362980769230769 0.3161057692307692 0.12139423076923077 0.38100961538461536
1 0.1935096153846154 0.421875 0.3870192307692308 0.5408653846153846
1 0.47836538461538464 0.18028846153846154 0.20072115384615385 0.10817307692307693
1 0.9326923076923077 0.2668269230769231 0.13221153846153846 0.14903846153846154