0 0.8978365384615384 0.265625 0.125 0.3798076923076923
0 0.009615384615384616 0.20432692307692307 0.019230769230769232 0.026442307692307692
0 0.030048076923076924 0.20192307692307693 0.007211538461538462 0.021634615384615384
0 0.042067307692307696 0.19831730769230768 0.01201923076923077 0.027644230769230768
0 0.05048076923076923 0.20192307692307693 0.010817307692307692 0.021634615384615384
0 0.14302884615384615 0.19471153846153846 0.036057692307692304 0.06370192307692307
0 0.23197115384615385 0.1935096153846154 0.015625 0.04447115384615385
0 0.24278846153846154 0.22235576923076922 0.02403846153846154 0.11899038461538461
0 0.36177884615384615 0.1778846153846154 0.040865384615384616 0.0625
0 0.359375 0.18870192307692307 0.020432692307692308 0.042067307692307696
0 0.9759615384615384 0.14302884615384615 0.04447115384615385 0.08653846153846154
1 0.13221153846153846 0.32091346153846156 0.26322115384615385 0.21754807692307693
1 0.49759615384615385 0.5673076923076923 0.9615384615384616 0.7560096153846154
1 0.71875 0.3245192307692308 0.5600961538461539 0.2620192307692308
1 0.90625 0.2403846153846154 0.18629807692307693 0.13822115384615385