1 0.46875 0.5144230769230769 0.8978365384615384 0.8521634615384616
0 0.15625 0.1778846153846154 0.12740384615384615 0.3557692307692308
0 0.3004807692307692 0.21394230769230768 0.07091346153846154 0.15504807692307693
0 0.38100961538461536 0.171875 0.056490384615384616 0.125
0 0.46634615384615385 0.14543269230769232 0.04326923076923077 0.17668269230769232
0 0.8834134615384616 0.3293269230769231 0.1045673076923077 0.39903846153846156
0 0.9350961538461539 0.3076923076923077 0.05048076923076923 0.22235576923076922
0 0.9831730769230769 0.3233173076923077 0.03125 0.24158653846153846
1 0.15504807692307693 0.3269230769230769 0.234375 0.2704326923076923
1 0.3485576923076923 0.23798076923076922 0.03365384615384615 0.07692307692307693
1 0.96875 0.296875 0.06009615384615385 0.20192307692307693