0 0.025240384615384616 0.5853365384615384 0.04927884615384615 0.06850961538461539
0 0.13942307692307693 0.5697115384615384 0.03125 0.013221153846153846
0 0.15625 0.6117788461538461 0.038461538461538464 0.040865384615384616
0 0.1622596153846154 0.5697115384615384 0.026442307692307692 0.03125
0 0.21875 0.5733173076923077 0.03125 0.020432692307692308
0 0.25600961538461536 0.5769230769230769 0.03245192307692308 0.038461538461538464
0 0.5228365384615384 0.5949519230769231 0.0889423076923077 0.042067307692307696
0 0.6454326923076923 0.6153846153846154 0.038461538461538464 0.04567307692307692
0 0.7223557692307693 0.6442307692307693 0.054086538461538464 0.03365384615384615
0 0.7944711538461539 0.6274038461538461 0.06850961538461539 0.11177884615384616
0 0.9423076923076923 0.6899038461538461 0.07692307692307693 0.18509615384615385
0 0.9819711538461539 0.5865384615384616 0.03365384615384615 0.046875
1 0.19951923076923078 0.6153846153846154 0.29927884615384615 0.08533653846153846