1 0.5300480769230769 0.4639423076923077 0.0985576923076923 0.14302884615384615
0 0.07451923076923077 0.4807692307692308 0.04927884615384615 0.25721153846153844
0 0.11177884615384616 0.4951923076923077 0.08653846153846154 0.20072115384615385
0 0.16105769230769232 0.44591346153846156 0.03485576923076923 0.19471153846153846
0 0.19831730769230768 0.4483173076923077 0.037259615384615384 0.16346153846153846
0 0.265625 0.47596153846153844 0.04447115384615385 0.1875
0 0.28846153846153844 0.45072115384615385 0.026442307692307692 0.16346153846153846
0 0.3173076923076923 0.4735576923076923 0.02403846153846154 0.17427884615384615
0 0.375 0.47716346153846156 0.052884615384615384 0.19471153846153846
0 0.3798076923076923 0.4723557692307692 0.037259615384615384 0.16826923076923078
0 0.6778846153846154 0.6057692307692307 0.10096153846153846 0.5048076923076923