0 0.15625 0.3125 0.07572115384615384 0.0829326923076923
0 0.37740384615384615 0.3581730769230769 0.06490384615384616 0.1346153846153846
0 0.4014423076923077 0.30649038461538464 0.02283653846153846 0.07211538461538461
0 0.43028846153846156 0.30288461538461536 0.02403846153846154 0.06129807692307692
0 0.6105769230769231 0.35697115384615385 0.04567307692307692 0.12379807692307693
0 0.640625 0.35216346153846156 0.055288461538461536 0.13701923076923078
0 0.7007211538461539 0.2704326923076923 0.021634615384615384 0.08173076923076923
0 0.7211538461538461 0.265625 0.015625 0.06971153846153846
0 0.8942307692307693 0.35697115384615385 0.09495192307692307 0.2800480769230769
1 0.08774038461538461 0.33533653846153844 0.12860576923076922 0.07211538461538461
1 0.2620192307692308 0.33653846153846156 0.09254807692307693 0.09014423076923077
1 0.484375 0.30649038461538464 0.10096153846153846 0.06370192307692307
1 0.6706730769230769 0.2824519230769231 0.06490384615384616 0.056490384615384616
1 0.7680288461538461 0.3485576923076923 0.20552884615384615 0.13581730769230768
1 0.734375 0.2668269230769231 0.057692307692307696 0.037259615384615384
1 0.7956730769230769 0.26322115384615385 0.05889423076923077 0.056490384615384616