0 0.028846153846153848 0.3401442307692308 0.056490384615384616 0.3245192307692308
0 0.05889423076923077 0.3173076923076923 0.04567307692307692 0.2439903846153846
0 0.09495192307692307 0.30649038461538464 0.028846153846153848 0.16947115384615385
0 0.1045673076923077 0.2764423076923077 0.010817307692307692 0.09134615384615384
0 0.13341346153846154 0.33774038461538464 0.04567307692307692 0.19230769230769232
0 0.2127403846153846 0.27283653846153844 0.03125 0.09615384615384616
0 0.234375 0.265625 0.03485576923076923 0.078125
0 0.25841346153846156 0.25961538461538464 0.019230769230769232 0.07572115384615384
0 0.2764423076923077 0.23557692307692307 0.010817307692307692 0.025240384615384616
0 0.2848557692307692 0.25600961538461536 0.010817307692307692 0.06850961538461539
0 0.3016826923076923 0.25961538461538464 0.040865384615384616 0.08653846153846154
0 0.3137019230769231 0.23317307692307693 0.008413461538461538 0.021634615384615384
0 0.32091346153846156 0.2439903846153846 0.010817307692307692 0.026442307692307692
0 0.34615384615384615 0.24639423076923078 0.015625 0.036057692307692304
0 0.3557692307692308 0.2403846153846154 0.007211538461538462 0.021634615384615384
0 0.36538461538461536 0.24278846153846154 0.02283653846153846 0.036057692307692304
0 0.375 0.2403846153846154 0.013221153846153846 0.025240384615384616
0 0.3858173076923077 0.23918269230769232 0.013221153846153846 0.020432692307692308
0 0.4026442307692308 0.2403846153846154 0.027644230769230768 0.03365384615384615
0 0.4110576923076923 0.23918269230769232 0.009615384615384616 0.020432692307692308
0 0.4326923076923077 0.2439903846153846 0.007211538461538462 0.026442307692307692
0 0.4375 0.2403846153846154 0.007211538461538462 0.021634615384615384
0 0.4423076923076923 0.24639423076923078 0.010817307692307692 0.02283653846153846
0 0.4735576923076923 0.25600961538461536 0.05889423076923077 0.14302884615384615
0 0.4495192307692308 0.23317307692307693 0.004807692307692308 0.015625
0 0.49278846153846156 0.25600961538461536 0.015625 0.055288461538461536
0 0.5012019230769231 0.25240384615384615 0.013221153846153846 0.055288461538461536
0 0.5180288461538461 0.25721153846153844 0.03125 0.0889423076923077
0 0.5348557692307693 0.25721153846153844 0.01201923076923077 0.04567307692307692
0 0.5420673076923077 0.25841346153846156 0.007211538461538462 0.042067307692307696
0 0.5492788461538461 0.25721153846153844 0.006009615384615385 0.04567307692307692
0 0.5564903846153846 0.25721153846153844 0.008413461538461538 0.046875
0 0.5973557692307693 0.28365384615384615 0.02403846153846154 0.109375
0 0.6177884615384616 0.28125 0.046875 0.12620192307692307
0 0.6310096153846154 0.2644230769230769 0.02403846153846154 0.09495192307692307
0 0.6454326923076923 0.265625 0.013221153846153846 0.09254807692307693
0 0.6646634615384616 0.2608173076923077 0.042067307692307696 0.13942307692307693
0 0.6875 0.23798076923076922 0.010817307692307692 0.025240384615384616
0 0.7079326923076923 0.21394230769230768 0.008413461538461538 0.027644230769230768
0 0.7259615384615384 0.21634615384615385 0.009615384615384616 0.036057692307692304
0 0.7463942307692307 0.22235576923076922 0.003605769230769231 0.019230769230769232
0 0.7704326923076923 0.31971153846153844 0.025240384615384616 0.15264423076923078
0 0.7884615384615384 0.3173076923076923 0.038461538461538464 0.19591346153846154
0 0.8076923076923077 0.30408653846153844 0.028846153846153848 0.1971153846153846
0 0.8798076923076923 0.21634615384615385 0.009615384615384616 0.018028846153846152
0 0.9362980769230769 0.43509615384615385 0.10697115384615384 0.4098557692307692
0 0.8942307692307693 0.21754807692307693 0.007211538461538462 0.013221153846153846
0 0.9182692307692307 0.2091346153846154 0.013221153846153846 0.03485576923076923
0 0.9723557692307693 0.36658653846153844 0.054086538461538464 0.3233173076923077
1 0.46634615384615385 0.578125 0.8725961538461539 0.3954326923076923
1 0.4170673076923077 0.421875 0.6334134615384616 0.21033653846153846
1 0.36177884615384615 0.34375 0.4266826923076923 0.17668269230769232