0 0.45072115384615385 0.7752403846153846 0.06490384615384616 0.23197115384615385
1 0.8569711538461539 0.8305288461538461 0.21754807692307693 0.3125
0 0.20432692307692307 0.7740384615384616 0.06490384615384616 0.20552884615384615
0 0.2548076923076923 0.7668269230769231 0.038461538461538464 0.1201923076923077
0 0.2764423076923077 0.7644230769230769 0.042067307692307696 0.18269230769230768
0 0.27524038461538464 0.4855769230769231 0.027644230769230768 0.042067307692307696
0 0.3389423076923077 0.7403846153846154 0.039663461538461536 0.15264423076923078
0 0.3737980769230769 0.7439903846153846 0.03365384615384615 0.14903846153846154
0 0.41586538461538464 0.7572115384615384 0.07091346153846154 0.1971153846153846
0 0.5048076923076923 0.7415865384615384 0.03245192307692308 0.140625
0 0.5360576923076923 0.7668269230769231 0.03125 0.056490384615384616
0 0.6286057692307693 0.7548076923076923 0.037259615384615384 0.17908653846153846
0 0.6466346153846154 0.7487980769230769 0.051682692307692304 0.18028846153846154
0 0.6766826923076923 0.7307692307692307 0.02403846153846154 0.09375
0 0.9759615384615384 0.7223557692307693 0.046875 0.09975961538461539
1 0.5528846153846154 0.7379807692307693 0.109375 0.10697115384615384