0 0.33653846153846156 0.6850961538461539 0.0733173076923077 0.3076923076923077
1 0.05048076923076923 0.7463942307692307 0.10096153846153846 0.25600961538461536
0 0.051682692307692304 0.6286057692307693 0.08413461538461539 0.09495192307692307
0 0.16826923076923078 0.6983173076923077 0.0625 0.20673076923076922
0 0.265625 0.7223557692307693 0.04567307692307692 0.22235576923076922
0 0.4987980769230769 0.6658653846153846 0.04927884615384615 0.10096153846153846
0 0.7860576923076923 0.7608173076923077 0.10096153846153846 0.2403846153846154
0 0.8161057692307693 0.6358173076923077 0.07451923076923077 0.14302884615384615
0 0.8774038461538461 0.7019230769230769 0.04927884615384615 0.2800480769230769
0 0.9266826923076923 0.6634615384615384 0.039663461538461536 0.1141826923076923
1 0.4098557692307692 0.7427884615384616 0.25721153846153844 0.19831730769230768
1 0.5480769230769231 0.7391826923076923 0.16346153846153846 0.1778846153846154