0 0.052884615384615384 0.5817307692307693 0.04927884615384615 0.1310096153846154
0 0.29927884615384615 0.39903846153846156 0.04927884615384615 0.046875
0 0.515625 0.3581730769230769 0.14903846153846154 0.18269230769230768
0 0.45913461538461536 0.30649038461538464 0.014423076923076924 0.027644230769230768
0 0.6105769230769231 0.3112980769230769 0.014423076923076924 0.027644230769230768
0 0.7680288461538461 0.32211538461538464 0.10817307692307693 0.29927884615384615
0 0.8245192307692307 0.4362980769230769 0.03245192307692308 0.07932692307692307
0 0.8509615384615384 0.45072115384615385 0.027644230769230768 0.078125
0 0.8786057692307693 0.45552884615384615 0.03245192307692308 0.09134615384615384
0 0.8846153846153846 0.31490384615384615 0.02283653846153846 0.0733173076923077
0 0.9014423076923077 0.4639423076923077 0.03125 0.09134615384615384
0 0.9134615384615384 0.3233173076923077 0.02403846153846154 0.07451923076923077
0 0.9290865384615384 0.4483173076923077 0.02403846153846154 0.1045673076923077
0 0.9423076923076923 0.4266826923076923 0.02403846153846154 0.0829326923076923
0 0.9603365384615384 0.43028846153846156 0.018028846153846152 0.10336538461538461
0 0.9639423076923077 0.33774038461538464 0.02283653846153846 0.06129807692307692
0 0.984375 0.4362980769230769 0.026442307692307692 0.09375
0 0.9927884615384616 0.4387019230769231 0.013221153846153846 0.10697115384615384
1 0.5504807692307693 0.5540865384615384 0.6225961538461539 0.6971153846153846
1 0.40384615384615385 0.2932692307692308 0.040865384615384616 0.019230769230769232