1 0.3329326923076923 0.4855769230769231 0.6574519230769231 0.5564903846153846
0 0.4495192307692308 0.48197115384615385 0.15745192307692307 0.6394230769230769
0 0.7608173076923077 0.24158653846153846 0.02403846153846154 0.08774038461538461
0 0.78125 0.2776442307692308 0.025240384615384616 0.25
0 0.8161057692307693 0.28966346153846156 0.05048076923076923 0.25240384615384615
0 0.9230769230769231 0.3088942307692308 0.10336538461538461 0.2692307692307692
0 0.9507211538461539 0.24759615384615385 0.02403846153846154 0.14783653846153846
0 0.9699519230769231 0.23798076923076922 0.018028846153846152 0.13341346153846154
0 0.9795673076923077 0.25961538461538464 0.038461538461538464 0.16826923076923078
1 0.6430288461538461 0.3161057692307692 0.25721153846153844 0.3137019230769231
1 0.9399038461538461 0.24519230769230768 0.037259615384615384 0.109375