0 0.23798076923076922 0.8305288461538461 0.07932692307692307 0.2127403846153846
0 0.27163461538461536 0.8209134615384616 0.05048076923076923 0.22956730769230768
0 0.4170673076923077 0.8653846153846154 0.09975961538461539 0.24519230769230768
0 0.45552884615384615 0.828125 0.06490384615384616 0.1814903846153846
0 0.5264423076923077 0.7259615384615384 0.04807692307692308 0.13581730769230768
0 0.5492788461538461 0.8798076923076923 0.09134615384615384 0.171875
0 0.5480769230769231 0.6574519230769231 0.02403846153846154 0.057692307692307696
0 0.5673076923076923 0.6923076923076923 0.039663461538461536 0.13581730769230768
0 0.6117788461538461 0.9254807692307693 0.09975961538461539 0.14302884615384615
0 0.8365384615384616 0.7524038461538461 0.08052884615384616 0.18629807692307693
0 0.8870192307692307 0.8112980769230769 0.07211538461538461 0.1502403846153846
0 0.9302884615384616 0.6742788461538461 0.042067307692307696 0.12379807692307693
0 0.9471153846153846 0.7091346153846154 0.057692307692307696 0.11057692307692307
0 0.9819711538461539 0.6742788461538461 0.03125 0.12740384615384615
1 0.08173076923076923 0.9338942307692307 0.16346153846153846 0.12620192307692307