0 0.9435096153846154 0.14182692307692307 0.09134615384615384 0.23076923076923078
0 0.027644230769230768 0.31490384615384615 0.055288461538461536 0.6298076923076923
0 0.05048076923076923 0.06490384615384616 0.078125 0.12980769230769232
0 0.07572115384615384 0.3016826923076923 0.09735576923076923 0.578125
0 0.1466346153846154 0.14423076923076922 0.028846153846153848 0.06370192307692307
0 0.1875 0.18870192307692307 0.07451923076923077 0.21754807692307693
0 0.22716346153846154 0.2439903846153846 0.04567307692307692 0.34375
0 0.2283653846153846 0.21754807692307693 0.04447115384615385 0.18870192307692307
0 0.2764423076923077 0.22235576923076922 0.030048076923076924 0.19230769230769232
0 0.3016826923076923 0.18870192307692307 0.04927884615384615 0.203125
0 0.33052884615384615 0.15985576923076922 0.04807692307692308 0.15264423076923078
0 0.37740384615384615 0.1310096153846154 0.07211538461538461 0.16826923076923078
0 0.44350961538461536 0.13701923076923078 0.054086538461538464 0.125
0 0.44711538461538464 0.35096153846153844 0.055288461538461536 0.0985576923076923
0 0.5048076923076923 0.13221153846153846 0.08653846153846154 0.140625
0 0.5697115384615384 0.35216346153846156 0.08653846153846154 0.12620192307692307
0 0.5649038461538461 0.11298076923076923 0.06009615384615385 0.0889423076923077
0 0.6382211538461539 0.08413461538461539 0.09134615384615384 0.1310096153846154
0 0.7103365384615384 0.11298076923076923 0.054086538461538464 0.08413461538461539
0 0.7704326923076923 0.0829326923076923 0.06610576923076923 0.1658653846153846
0 0.7740384615384616 0.27403846153846156 0.056490384615384616 0.109375
0 0.8197115384615384 0.1045673076923077 0.07451923076923077 0.1971153846153846
0 0.8954326923076923 0.14182692307692307 0.054086538461538464 0.140625
0 0.9783653846153846 0.1466346153846154 0.040865384615384616 0.203125
1 0.421875 0.5492788461538461 0.7487980769230769 0.6947115384615384
1 0.16947115384615385 0.3161057692307692 0.13221153846153846 0.3112980769230769
1 0.6947115384615384 0.4387019230769231 0.5757211538461539 0.578125