0 0.6742788461538461 0.6069711538461539 0.054086538461538464 0.109375
0 0.006009615384615385 0.6658653846153846 0.01201923076923077 0.171875
0 0.027644230769230768 0.6514423076923077 0.03125 0.125
0 0.27524038461538464 0.6995192307692307 0.056490384615384616 0.23677884615384615
0 0.35336538461538464 0.6887019230769231 0.10697115384615384 0.22355769230769232
0 0.4483173076923077 0.65625 0.0829326923076923 0.22355769230769232
0 0.6502403846153846 0.6009615384615384 0.026442307692307692 0.07451923076923077
0 0.9206730769230769 0.8209134615384616 0.15745192307692307 0.3545673076923077
0 0.9314903846153846 0.5829326923076923 0.013221153846153846 0.03125
0 0.9519230769230769 0.5829326923076923 0.014423076923076924 0.036057692307692304
0 0.9663461538461539 0.5829326923076923 0.014423076923076924 0.03125
0 0.984375 0.5973557692307693 0.030048076923076924 0.10697115384615384
1 0.25721153846153844 0.703125 0.5048076923076923 0.23197115384615385
1 0.04447115384615385 0.6262019230769231 0.06971153846153846 0.04927884615384615
1 0.09615384615384616 0.6310096153846154 0.06009615384615385 0.0733173076923077
1 0.5576923076923077 0.8088942307692307 0.8822115384615384 0.3786057692307692
1 0.21875 0.6237980769230769 0.06009615384615385 0.04927884615384615
1 0.30288461538461536 0.6237980769230769 0.028846153846153848 0.04567307692307692
1 0.9423076923076923 0.6225961538461539 0.03365384615384615 0.021634615384615384