0 0.27163461538461536 0.5540865384615384 0.028846153846153848 0.07451923076923077
0 0.33774038461538464 0.5637019230769231 0.026442307692307692 0.06490384615384616
0 0.3581730769230769 0.5360576923076923 0.013221153846153846 0.018028846153846152
0 0.41346153846153844 0.6225961538461539 0.07091346153846154 0.21394230769230768
0 0.4579326923076923 0.5853365384615384 0.03365384615384615 0.0985576923076923
0 0.48677884615384615 0.5853365384615384 0.02403846153846154 0.09254807692307693
1 0.1141826923076923 0.8233173076923077 0.2283653846153846 0.34975961538461536
1 0.15144230769230768 0.6286057692307693 0.30288461538461536 0.17548076923076922
1 0.6694711538461539 0.5805288461538461 0.07572115384615384 0.06610576923076923
1 0.7259615384615384 0.5576923076923077 0.04447115384615385 0.042067307692307696
1 0.7920673076923077 0.5757211538461539 0.07091346153846154 0.06490384615384616