0 0.6262019230769231 0.6598557692307693 0.07692307692307693 0.23317307692307693
0 0.5925480769230769 0.5745192307692307 0.037259615384615384 0.10336538461538461
0 0.7115384615384616 0.6670673076923077 0.046875 0.19230769230769232
0 0.7295673076923077 0.5420673076923077 0.052884615384615384 0.0673076923076923
0 0.7932692307692307 0.6045673076923077 0.051682692307692304 0.16105769230769232
0 0.9266826923076923 0.5733173076923077 0.02283653846153846 0.1466346153846154
0 0.9423076923076923 0.5721153846153846 0.028846153846153848 0.11298076923076923
0 0.9627403846153846 0.609375 0.05048076923076923 0.20552884615384615
1 0.08052884615384616 0.5540865384615384 0.140625 0.0889423076923077
1 0.20432692307692307 0.7944711538461539 0.38221153846153844 0.3870192307692308
1 0.3545673076923077 0.5649038461538461 0.10096153846153846 0.08653846153846154
1 0.5504807692307693 0.5697115384615384 0.07091346153846154 0.09134615384615384