0 0.20072115384615385 0.1935096153846154 0.0829326923076923 0.2548076923076923
0 0.057692307692307696 0.296875 0.10216346153846154 0.47115384615384615
0 0.04927884615384615 0.12740384615384615 0.013221153846153846 0.02403846153846154
0 0.14543269230769232 0.14903846153846154 0.008413461538461538 0.014423076923076924
0 0.16105769230769232 0.14783653846153846 0.014423076923076924 0.042067307692307696
0 0.16947115384615385 0.1622596153846154 0.025240384615384616 0.0673076923076923
0 0.75 0.24879807692307693 0.04447115384615385 0.109375
0 0.8786057692307693 0.20432692307692307 0.019230769230769232 0.0625
0 0.9795673076923077 0.22355769230769232 0.038461538461538464 0.11899038461538461
1 0.09375 0.2439903846153846 0.1875 0.16105769230769232
1 0.14783653846153846 0.21394230769230768 0.10096153846153846 0.09134615384615384
1 0.45552884615384615 0.23317307692307693 0.18629807692307693 0.1141826923076923
1 0.8689903846153846 0.41586538461538464 0.25961538461538464 0.3737980769230769