1 0.49158653846153844 0.5600961538461539 0.9435096153846154 0.8221153846153846
0 0.12139423076923077 0.040865384615384616 0.03485576923076923 0.08173076923076923
0 0.14182692307692307 0.08052884615384616 0.0625 0.15504807692307693
0 0.21514423076923078 0.026442307692307692 0.052884615384615384 0.052884615384615384
0 0.4723557692307692 0.0625 0.055288461538461536 0.12379807692307693
0 0.6526442307692307 0.02403846153846154 0.01201923076923077 0.046875
0 0.671875 0.026442307692307692 0.018028846153846152 0.052884615384615384
0 0.765625 0.03485576923076923 0.016826923076923076 0.054086538461538464
0 0.859375 0.17668269230769232 0.10096153846153846 0.35216346153846156
0 0.9302884615384616 0.037259615384615384 0.04326923076923077 0.07451923076923077
0 0.9831730769230769 0.06610576923076923 0.028846153846153848 0.13221153846153846
1 0.078125 0.16105769230769232 0.15625 0.32211538461538464