1 0.9338942307692307 0.6370192307692307 0.12860576923076922 0.15625
0 0.22235576923076922 0.6454326923076923 0.009615384615384616 0.08052884615384616
0 0.4423076923076923 0.6370192307692307 0.37740384615384615 0.16105769230769232
0 0.28846153846153844 0.6370192307692307 0.05889423076923077 0.14182692307692307
0 0.33052884615384615 0.6189903846153846 0.007211538461538462 0.030048076923076924
0 0.34375 0.6177884615384616 0.008413461538461538 0.03125
0 0.35096153846153844 0.6189903846153846 0.007211538461538462 0.030048076923076924
0 0.43149038461538464 0.6177884615384616 0.018028846153846152 0.04567307692307692
0 0.44711538461538464 0.6129807692307693 0.013221153846153846 0.042067307692307696
0 0.4543269230769231 0.6141826923076923 0.008413461538461538 0.038461538461538464
0 0.47115384615384615 0.6117788461538461 0.009615384615384616 0.04927884615384615
0 0.47836538461538464 0.6141826923076923 0.013221153846153846 0.052884615384615384
0 0.7043269230769231 0.5961538461538461 0.036057692307692304 0.10697115384615384
0 0.75 0.5985576923076923 0.028846153846153848 0.11057692307692307
0 0.7944711538461539 0.6069711538461539 0.03125 0.13221153846153846
0 0.8173076923076923 0.6045673076923077 0.020432692307692308 0.12379807692307693
0 0.8377403846153846 0.5961538461538461 0.028846153846153848 0.10817307692307693
0 0.9435096153846154 0.5516826923076923 0.038461538461538464 0.09014423076923077
0 0.9819711538461539 0.5384615384615384 0.020432692307692308 0.042067307692307696
0 0.9927884615384616 0.5384615384615384 0.013221153846153846 0.027644230769230768
1 0.07572115384615384 0.6454326923076923 0.04927884615384615 0.0625