0 0.7512019230769231 0.39903846153846156 0.1466346153846154 0.5216346153846154
1 0.2956730769230769 0.46274038461538464 0.3918269230769231 0.5817307692307693
0 0.1622596153846154 0.2956730769230769 0.055288461538461536 0.16346153846153846
0 0.34615384615384615 0.7944711538461539 0.25 0.3942307692307692
0 0.5036057692307693 0.390625 0.09134615384615384 0.3329326923076923
0 0.5024038461538461 0.22115384615384615 0.036057692307692304 0.10817307692307693
0 0.5877403846153846 0.43149038461538464 0.12980769230769232 0.5372596153846154
0 0.8798076923076923 0.6021634615384616 0.17307692307692307 0.7403846153846154
0 0.8810096153846154 0.23197115384615385 0.12259615384615384 0.21514423076923078
1 0.026442307692307692 0.3449519230769231 0.052884615384615384 0.13701923076923078
1 0.039663461538461536 0.3016826923076923 0.07932692307692307 0.0829326923076923
1 0.06610576923076923 0.2848557692307692 0.046875 0.06009615384615385
1 0.35336538461538464 0.26322115384615385 0.15264423076923078 0.1814903846153846