0 0.7584134615384616 0.8365384615384616 0.14543269230769232 0.3125
0 0.20793269230769232 0.7235576923076923 0.036057692307692304 0.16466346153846154
0 0.2620192307692308 0.7235576923076923 0.039663461538461536 0.14182692307692307
0 0.34375 0.7247596153846154 0.0625 0.203125
1 0.4254807692307692 0.7548076923076923 0.12379807692307693 0.12259615384615384
1 0.46634615384615385 0.7019230769230769 0.03125 0.04326923076923077
1 0.5060096153846154 0.6935096153846154 0.06370192307692307 0.055288461538461536
1 0.5420673076923077 0.6983173076923077 0.054086538461538464 0.056490384615384616
1 0.5961538461538461 0.6995192307692307 0.07572115384615384 0.05889423076923077
1 0.7163461538461539 0.6983173076923077 0.12139423076923077 0.0829326923076923
1 0.8461538461538461 0.703125 0.17908653846153846 0.109375
1 0.9555288461538461 0.7055288461538461 0.08774038461538461 0.10697115384615384