0 0.8257211538461539 0.6454326923076923 0.056490384615384616 0.203125
1 0.38341346153846156 0.7524038461538461 0.25721153846153844 0.27163461538461536
0 0.046875 0.46274038461538464 0.08653846153846154 0.06971153846153846
0 0.1310096153846154 0.5072115384615384 0.07211538461538461 0.09975961538461539
0 0.3016826923076923 0.5492788461538461 0.15745192307692307 0.17307692307692307
0 0.25721153846153844 0.4543269230769231 0.052884615384615384 0.08413461538461539
0 0.2824519230769231 0.4014423076923077 0.018028846153846152 0.06850961538461539
0 0.3173076923076923 0.45552884615384615 0.019230769230769232 0.08052884615384616
0 0.34615384615384615 0.4375 0.02283653846153846 0.06490384615384616
0 0.35697115384615385 0.46033653846153844 0.025240384615384616 0.07451923076923077
0 0.3858173076923077 0.4723557692307692 0.027644230769230768 0.08653846153846154
0 0.40024038461538464 0.5757211538461539 0.03125 0.09254807692307693
0 0.3954326923076923 0.4387019230769231 0.009615384615384616 0.03365384615384615
0 0.4074519230769231 0.4831730769230769 0.020432692307692308 0.10336538461538461
0 0.43509615384615385 0.6045673076923077 0.038461538461538464 0.10817307692307693
0 0.44350961538461536 0.49038461538461536 0.028846153846153848 0.09615384615384616
0 0.4519230769230769 0.4254807692307692 0.02283653846153846 0.06129807692307692
0 0.4795673076923077 0.6394230769230769 0.030048076923076924 0.11298076923076923
0 0.5168269230769231 0.5228365384615384 0.09375 0.13581730769230768
0 0.5012019230769231 0.38461538461538464 0.037259615384615384 0.08774038461538461
0 0.5072115384615384 0.7175480769230769 0.04326923076923077 0.16706730769230768
0 0.5084134615384616 0.6009615384615384 0.03365384615384615 0.0829326923076923
0 0.5336538461538461 0.6814903846153846 0.036057692307692304 0.14182692307692307
0 0.5961538461538461 0.6875 0.06971153846153846 0.10096153846153846
0 0.6274038461538461 0.5757211538461539 0.09735576923076923 0.17427884615384615
0 0.6237980769230769 0.6574519230769231 0.054086538461538464 0.11899038461538461
0 0.6165865384615384 0.7319711538461539 0.02403846153846154 0.03485576923076923
0 0.7115384615384616 0.75 0.05889423076923077 0.18990384615384615
0 0.71875 0.5913461538461539 0.036057692307692304 0.15745192307692307
0 0.7572115384615384 0.6033653846153846 0.04447115384615385 0.17427884615384615
0 0.7980769230769231 0.8365384615384616 0.10096153846153846 0.2644230769230769
0 0.8966346153846154 0.5817307692307693 0.06009615384615385 0.08653846153846154
0 0.9074519230769231 0.6670673076923077 0.06971153846153846 0.23317307692307693
0 0.9302884615384616 0.9314903846153846 0.10817307692307693 0.13581730769230768
1 0.22355769230769232 0.6009615384615384 0.13341346153846154 0.16706730769230768
1 0.3016826923076923 0.43509615384615385 0.13221153846153846 0.09375
1 0.40384615384615385 0.46274038461538464 0.08052884615384616 0.0733173076923077
1 0.5 0.46875 0.10216346153846154 0.1045673076923077
1 0.6514423076923077 0.8737980769230769 0.39302884615384615 0.25