0 0.2860576923076923 0.5396634615384616 0.07091346153846154 0.25961538461538464
0 0.007211538461538462 0.515625 0.014423076923076924 0.18028846153846154
0 0.2548076923076923 0.45913461538461536 0.020432692307692308 0.08413461538461539
0 0.31850961538461536 0.5216346153846154 0.020432692307692308 0.18870192307692307
0 0.34615384615384615 0.4495192307692308 0.016826923076923076 0.0733173076923077
0 0.39783653846153844 0.4879807692307692 0.039663461538461536 0.15745192307692307
0 0.4206730769230769 0.46875 0.02403846153846154 0.1045673076923077
0 0.47115384615384615 0.43028846153846156 0.01201923076923077 0.038461538461538464
0 0.484375 0.4338942307692308 0.013221153846153846 0.027644230769230768
0 0.5 0.4266826923076923 0.02283653846153846 0.03245192307692308
0 0.5036057692307693 0.453125 0.028846153846153848 0.056490384615384616
0 0.6430288461538461 0.5168269230769231 0.046875 0.125
0 0.6983173076923077 0.49278846153846156 0.036057692307692304 0.1466346153846154
1 0.08173076923076923 0.48677884615384615 0.16346153846153846 0.23197115384615385