0 0.0673076923076923 0.4495192307692308 0.05889423076923077 0.25600961538461536
0 0.12860576923076922 0.4831730769230769 0.06009615384615385 0.2608173076923077
0 0.14302884615384615 0.4675480769230769 0.06009615384615385 0.24879807692307693
0 0.2956730769230769 0.27163461538461536 0.051682692307692304 0.21394230769230768
0 0.36778846153846156 0.36899038461538464 0.046875 0.17067307692307693
0 0.41466346153846156 0.359375 0.04326923076923077 0.16947115384615385
0 0.4266826923076923 0.37259615384615385 0.026442307692307692 0.12139423076923077
0 0.4651442307692308 0.23918269230769232 0.055288461538461536 0.17427884615384615
0 0.8641826923076923 0.36538461538461536 0.06009615384615385 0.15985576923076922
0 0.8978365384615384 0.36177884615384615 0.026442307692307692 0.15384615384615385
0 0.9230769230769231 0.38461538461538464 0.04326923076923077 0.19110576923076922
0 0.9519230769230769 0.3641826923076923 0.027644230769230768 0.15144230769230768
1 0.09254807692307693 0.4254807692307692 0.18509615384615385 0.15264423076923078
1 0.6153846153846154 0.4098557692307692 0.40865384615384615 0.20552884615384615