0 0.06490384615384616 0.7692307692307693 0.042067307692307696 0.25961538461538464
0 0.11778846153846154 0.7584134615384616 0.038461538461538464 0.28125
0 0.15384615384615385 0.78125 0.057692307692307696 0.28846153846153844
0 0.2247596153846154 0.7512019230769231 0.028846153846153848 0.20072115384615385
0 0.3269230769230769 0.7367788461538461 0.03245192307692308 0.17307692307692307
0 0.4951923076923077 0.7271634615384616 0.019230769230769232 0.10096153846153846
0 0.5264423076923077 0.7776442307692307 0.042067307692307696 0.25721153846153844
0 0.5612980769230769 0.7788461538461539 0.03245192307692308 0.25961538461538464
0 0.5889423076923077 0.7307692307692307 0.02403846153846154 0.125
0 0.6334134615384616 0.7872596153846154 0.04447115384615385 0.13701923076923078
1 0.6322115384615384 0.6790865384615384 0.04447115384615385 0.06971153846153846
1 0.8605769230769231 0.7307692307692307 0.20432692307692307 0.21153846153846154
1 0.9495192307692307 0.703125 0.0985576923076923 0.12620192307692307