0 0.01201923076923077 0.1935096153846154 0.02403846153846154 0.17548076923076922
0 0.028846153846153848 0.17668269230769232 0.038461538461538464 0.1778846153846154
0 0.0889423076923077 0.17548076923076922 0.06850961538461539 0.15504807692307693
0 0.10697115384615384 0.13341346153846154 0.02403846153846154 0.04447115384615385
0 0.14302884615384615 0.1658653846153846 0.040865384615384616 0.1201923076923077
0 0.6923076923076923 0.17668269230769232 0.051682692307692304 0.1310096153846154
0 0.7439903846153846 0.17668269230769232 0.042067307692307696 0.13581730769230768
0 0.8737980769230769 0.140625 0.06009615384615385 0.07932692307692307
0 0.90625 0.15625 0.026442307692307692 0.039663461538461536
1 0.5072115384615384 0.4891826923076923 0.9507211538461539 0.7415865384615384
1 0.7427884615384616 0.3557692307692308 0.5108173076923077 0.4675480769230769