0 0.5372596153846154 0.5072115384615384 0.10817307692307693 0.296875
1 0.15625 0.5612980769230769 0.3076923076923077 0.33052884615384615
0 0.359375 0.5240384615384616 0.08173076923076923 0.24639423076923078
0 0.4098557692307692 0.49038461538461536 0.07572115384615384 0.24759615384615385
0 0.8257211538461539 0.43149038461538464 0.038461538461538464 0.1310096153846154
0 0.9759615384615384 0.43509615384615385 0.04447115384615385 0.16105769230769232
1 0.22355769230769232 0.38221153846153844 0.04447115384615385 0.026442307692307692
1 0.24879807692307693 0.38221153846153844 0.03125 0.02403846153846154
1 0.5024038461538461 0.375 0.027644230769230768 0.015625
1 0.6057692307692307 0.43028846153846156 0.12980769230769232 0.13221153846153846
1 0.7307692307692307 0.4110576923076923 0.10096153846153846 0.09014423076923077
1 0.9170673076923077 0.4182692307692308 0.07091346153846154 0.08413461538461539
1 0.9230769230769231 0.3737980769230769 0.02403846153846154 0.009615384615384616
1 0.9471153846153846 0.37740384615384615 0.02283653846153846 0.015625