0 0.027644230769230768 0.6009615384615384 0.018028846153846152 0.03365384615384615
0 0.06129807692307692 0.7199519230769231 0.015625 0.06009615384615385
0 0.08653846153846154 0.6971153846153846 0.009615384615384616 0.027644230769230768
0 0.12740384615384615 0.6754807692307693 0.019230769230769232 0.06009615384615385
0 0.23918269230769232 0.5685096153846154 0.008413461538461538 0.040865384615384616
0 0.27524038461538464 0.4182692307692308 0.013221153846153846 0.027644230769230768
0 0.28365384615384615 0.578125 0.01201923076923077 0.046875
0 0.29927884615384615 0.49158653846153844 0.008413461538461538 0.030048076923076924
0 0.3173076923076923 0.8533653846153846 0.018028846153846152 0.051682692307692304
0 0.3293269230769231 0.8822115384615384 0.016826923076923076 0.07211538461538461
0 0.3485576923076923 0.8737980769230769 0.021634615384615384 0.06370192307692307
0 0.45072115384615385 0.6502403846153846 0.013221153846153846 0.042067307692307696
0 0.45552884615384615 0.46274038461538464 0.006009615384615385 0.03245192307692308
0 0.4795673076923077 0.6021634615384616 0.014423076923076924 0.027644230769230768
0 0.49158653846153844 0.43149038461538464 0.013221153846153846 0.03365384615384615
0 0.5216346153846154 0.4495192307692308 0.01201923076923077 0.026442307692307692
0 0.5240384615384616 0.4831730769230769 0.01201923076923077 0.03485576923076923
0 0.5360576923076923 0.4110576923076923 0.008413461538461538 0.02403846153846154
0 0.5492788461538461 0.4483173076923077 0.01201923076923077 0.03125
0 0.5576923076923077 0.4519230769230769 0.01201923076923077 0.038461538461538464
0 0.5637019230769231 0.4170673076923077 0.010817307692307692 0.030048076923076924
0 0.5673076923076923 0.4519230769230769 0.004807692307692308 0.03125
0 0.5733173076923077 0.65625 0.015625 0.038461538461538464
0 0.5745192307692307 0.4170673076923077 0.008413461538461538 0.025240384615384616
0 0.5769230769230769 0.6117788461538461 0.009615384615384616 0.038461538461538464
0 0.5865384615384616 0.7079326923076923 0.01201923076923077 0.055288461538461536
0 0.5997596153846154 0.7079326923076923 0.014423076923076924 0.057692307692307696
0 0.5997596153846154 0.4326923076923077 0.01201923076923077 0.02403846153846154
0 0.6045673076923077 0.6778846153846154 0.013221153846153846 0.03365384615384615
0 0.6286057692307693 0.7920673076923077 0.025240384615384616 0.04927884615384615
0 0.6225961538461539 0.5625 0.009615384615384616 0.02403846153846154
0 0.6382211538461539 0.8810096153846154 0.019230769230769232 0.05048076923076923
0 0.6598557692307693 0.6959134615384616 0.010817307692307692 0.04567307692307692
0 0.6670673076923077 0.7992788461538461 0.020432692307692308 0.052884615384615384
0 0.6646634615384616 0.7175480769230769 0.013221153846153846 0.05889423076923077
0 0.6742788461538461 0.7067307692307693 0.008413461538461538 0.05889423076923077
0 0.6742788461538461 0.45552884615384615 0.007211538461538462 0.018028846153846152
0 0.6850961538461539 0.4675480769230769 0.010817307692307692 0.03365384615384615
0 0.6850961538461539 0.6129807692307693 0.01201923076923077 0.04567307692307692
0 0.7091346153846154 0.8629807692307693 0.019230769230769232 0.07451923076923077
0 0.7079326923076923 0.6201923076923077 0.013221153846153846 0.04807692307692308
0 0.7307692307692307 0.6430288461538461 0.013221153846153846 0.05048076923076923
0 0.7451923076923077 0.46153846153846156 0.013221153846153846 0.03365384615384615
0 0.7475961538461539 0.6983173076923077 0.010817307692307692 0.056490384615384616
0 0.7524038461538461 0.4987980769230769 0.009615384615384616 0.030048076923076924
0 0.7608173076923077 0.4675480769230769 0.013221153846153846 0.042067307692307696
0 0.7668269230769231 0.4831730769230769 0.014423076923076924 0.036057692307692304
0 0.7692307692307693 0.5576923076923077 0.019230769230769232 0.04807692307692308
0 0.7716346153846154 0.8473557692307693 0.018028846153846152 0.06971153846153846
0 0.7740384615384616 0.515625 0.015625 0.028846153846153848
0 0.8016826923076923 0.7487980769230769 0.010817307692307692 0.06370192307692307
0 0.8100961538461539 0.48677884615384615 0.014423076923076924 0.037259615384615384
0 0.8125 0.5192307692307693 0.01201923076923077 0.038461538461538464
0 0.8197115384615384 0.7536057692307693 0.009615384615384616 0.046875
0 0.8245192307692307 0.7932692307692307 0.018028846153846152 0.06009615384615385
0 0.8365384615384616 0.7632211538461539 0.016826923076923076 0.057692307692307696
0 0.8425480769230769 0.7872596153846154 0.015625 0.06610576923076923
0 0.8485576923076923 0.6550480769230769 0.020432692307692308 0.030048076923076924
0 0.8521634615384616 0.7956730769230769 0.019230769230769232 0.06610576923076923
0 0.8569711538461539 0.6117788461538461 0.013221153846153846 0.052884615384615384
0 0.8641826923076923 0.6213942307692307 0.01201923076923077 0.04447115384615385
0 0.8762019230769231 0.6177884615384616 0.013221153846153846 0.036057692307692304
0 0.8762019230769231 0.6466346153846154 0.013221153846153846 0.03485576923076923
0 0.8822115384615384 0.5612980769230769 0.015625 0.04447115384615385
0 0.8966346153846154 0.8545673076923077 0.015625 0.07211538461538461
0 0.8978365384615384 0.6526442307692307 0.016826923076923076 0.042067307692307696
0 0.9050480769230769 0.5709134615384616 0.015625 0.04567307692307692
0 0.9098557692307693 0.8713942307692307 0.020432692307692308 0.0673076923076923
0 0.9146634615384616 0.5877403846153846 0.015625 0.04447115384615385
0 0.9326923076923077 0.5913461538461539 0.013221153846153846 0.04447115384615385
0 0.9627403846153846 0.8497596153846154 0.016826923076923076 0.06850961538461539
1 0.02403846153846154 0.38100961538461536 0.04807692307692308 0.027644230769230768
1 0.26322115384615385 0.2860576923076923 0.02403846153846154 0.03125
1 0.2848557692307692 0.3173076923076923 0.028846153846153848 0.037259615384615384
1 0.30649038461538464 0.2980769230769231 0.02403846153846154 0.028846153846153848
1 0.31490384615384615 0.25600961538461536 0.016826923076923076 0.028846153846153848
1 0.3245192307692308 0.2776442307692308 0.020432692307692308 0.01201923076923077
1 0.33052884615384615 0.25240384615384615 0.014423076923076924 0.021634615384615384
1 0.3401442307692308 0.24519230769230768 0.013221153846153846 0.02403846153846154
1 0.36658653846153844 0.2536057692307692 0.018028846153846152 0.025240384615384616
1 0.49759615384615385 0.265625 0.015625 0.018028846153846152
1 0.5408653846153846 0.29447115384615385 0.01201923076923077 0.020432692307692308
1 0.5480769230769231 0.17548076923076922 0.006009615384615385 0.009615384615384616
1 0.5492788461538461 0.2127403846153846 0.009615384615384616 0.013221153846153846
1 0.6382211538461539 0.4050480769230769 0.06009615384615385 0.03485576923076923
1 0.6526442307692307 0.4074519230769231 0.06009615384615385 0.03125
1 0.6550480769230769 0.4230769230769231 0.06610576923076923 0.04447115384615385
1 0.7055288461538461 0.4014423076923077 0.054086538461538464 0.03485576923076923
1 0.7139423076923077 0.43149038461538464 0.054086538461538464 0.028846153846153848
1 0.7259615384615384 0.4423076923076923 0.0673076923076923 0.038461538461538464