0 0.9314903846153846 0.2091346153846154 0.12860576923076922 0.1778846153846154
1 0.5024038461538461 0.5649038461538461 0.8930288461538461 0.7151442307692307
0 0.04447115384615385 0.2776442307692308 0.018028846153846152 0.046875
0 0.11899038461538461 0.2776442307692308 0.05889423076923077 0.18629807692307693
0 0.12980769230769232 0.28365384615384615 0.028846153846153848 0.12980769230769232
0 0.2764423076923077 0.25 0.03245192307692308 0.1201923076923077
0 0.296875 0.26802884615384615 0.051682692307692304 0.15144230769230768
0 0.3545673076923077 0.25961538461538464 0.02283653846153846 0.025240384615384616
0 0.4423076923076923 0.21634615384615385 0.028846153846153848 0.026442307692307692
0 0.4699519230769231 0.23317307692307693 0.03485576923076923 0.10697115384615384
0 0.5096153846153846 0.21754807692307693 0.04927884615384615 0.109375
0 0.6201923076923077 0.18629807692307693 0.019230769230769232 0.007211538461538462
0 0.71875 0.17427884615384615 0.013221153846153846 0.019230769230769232
0 0.7463942307692307 0.17668269230769232 0.013221153846153846 0.010817307692307692
0 0.7836538461538461 0.19471153846153846 0.057692307692307696 0.171875
0 0.8305288461538461 0.1935096153846154 0.039663461538461536 0.08653846153846154
0 0.8762019230769231 0.19471153846153846 0.04927884615384615 0.10096153846153846
1 0.13701923076923078 0.28725961538461536 0.22235576923076922 0.203125
1 0.38100961538461536 0.3004807692307692 0.15985576923076922 0.0625
1 0.7415865384615384 0.38822115384615385 0.5144230769230769 0.4110576923076923