1 0.48197115384615385 0.49038461538461536 0.921875 0.5384615384615384
0 0.07932692307692307 0.24519230769230768 0.08653846153846154 0.18629807692307693
0 0.15985576923076922 0.23197115384615385 0.04326923076923077 0.0673076923076923
0 0.359375 0.2548076923076923 0.07692307692307693 0.12740384615384615
0 0.3485576923076923 0.21394230769230768 0.039663461538461536 0.037259615384615384
0 0.41947115384615385 0.25240384615384615 0.04927884615384615 0.09254807692307693
0 0.6081730769230769 0.21634615384615385 0.019230769230769232 0.037259615384615384
0 0.6298076923076923 0.22956730769230768 0.025240384615384616 0.030048076923076924
0 0.6742788461538461 0.2247596153846154 0.040865384615384616 0.04927884615384615
0 0.9194711538461539 0.26802884615384615 0.04927884615384615 0.03485576923076923
1 0.19591346153846154 0.41346153846153844 0.3918269230769231 0.33653846153846156
1 0.8509615384615384 0.3233173076923077 0.296875 0.22956730769230768