0 0.1778846153846154 0.359375 0.055288461538461536 0.18028846153846154
0 0.2932692307692308 0.3401442307692308 0.018028846153846152 0.03125
0 0.3161057692307692 0.35336538461538464 0.039663461538461536 0.0673076923076923
0 0.3245192307692308 0.33533653846153844 0.02403846153846154 0.03485576923076923
0 0.375 0.3641826923076923 0.02283653846153846 0.078125
0 0.41947115384615385 0.4266826923076923 0.038461538461538464 0.24278846153846154
0 0.46153846153846156 0.40024038461538464 0.025240384615384616 0.15865384615384615
0 0.4879807692307692 0.39663461538461536 0.02403846153846154 0.140625
0 0.5336538461538461 0.42908653846153844 0.05889423076923077 0.22355769230769232
0 0.5697115384615384 0.4483173076923077 0.04927884615384615 0.2620192307692308
0 0.6081730769230769 0.34134615384615385 0.018028846153846152 0.06490384615384616
0 0.6538461538461539 0.4074519230769231 0.06610576923076923 0.18870192307692307
0 0.6959134615384616 0.33653846153846156 0.028846153846153848 0.109375
0 0.7427884615384616 0.37259615384615385 0.028846153846153848 0.078125
0 0.7800480769230769 0.36658653846153844 0.057692307692307696 0.13822115384615385
0 0.8016826923076923 0.32211538461538464 0.038461538461538464 0.11778846153846154
0 0.8413461538461539 0.34375 0.037259615384615384 0.15384615384615385
1 0.1045673076923077 0.4014423076923077 0.04927884615384615 0.0673076923076923
1 0.7692307692307693 0.3545673076923077 0.12740384615384615 0.0829326923076923