0 0.9266826923076923 0.3112980769230769 0.08052884615384616 0.2644230769230769
0 0.12620192307692307 0.28846153846153844 0.10096153846153846 0.34615384615384615
0 0.25 0.20192307692307693 0.021634615384615384 0.03365384615384615
0 0.25721153846153844 0.19831730769230768 0.018028846153846152 0.039663461538461536
0 0.39302884615384615 0.17067307692307693 0.018028846153846152 0.03485576923076923
0 0.4050480769230769 0.18028846153846154 0.013221153846153846 0.042067307692307696
0 0.43028846153846156 0.1875 0.015625 0.06129807692307692
0 0.44711538461538464 0.18269230769230768 0.019230769230769232 0.0625
0 0.6346153846153846 0.2283653846153846 0.08173076923076923 0.11177884615384616
0 0.6298076923076923 0.1778846153846154 0.026442307692307692 0.06129807692307692
1 0.04807692307692308 0.2932692307692308 0.09615384615384616 0.13221153846153846
1 0.4807692307692308 0.5012019230769231 0.8762019230769231 0.7391826923076923
1 0.18269230769230768 0.25 0.11177884615384616 0.09134615384615384
1 0.48677884615384615 0.25841346153846156 0.4543269230769231 0.2920673076923077
1 0.3245192307692308 0.20552884615384615 0.08052884615384616 0.04326923076923077
1 0.46153846153846156 0.21033653846153846 0.203125 0.13581730769230768
1 0.5 0.19230769230769232 0.1141826923076923 0.11057692307692307
1 0.5420673076923077 0.18629807692307693 0.06370192307692307 0.03485576923076923