1 0.49759615384615385 0.4891826923076923 0.8822115384615384 0.8629807692307693
0 0.037259615384615384 0.22716346153846154 0.07451923076923077 0.2800480769230769
0 0.038461538461538464 0.11778846153846154 0.03365384615384615 0.078125
0 0.10336538461538461 0.13701923076923078 0.06850961538461539 0.16346153846153846
0 0.265625 0.14423076923076922 0.10096153846153846 0.16105769230769232
0 0.42788461538461536 0.09254807692307693 0.019230769230769232 0.037259615384615384
0 0.6694711538461539 0.06370192307692307 0.015625 0.018028846153846152
0 0.6947115384615384 0.06009615384615385 0.013221153846153846 0.026442307692307692
0 0.9242788461538461 0.19110576923076922 0.052884615384615384 0.2439903846153846
1 0.24278846153846154 0.21394230769230768 0.39302884615384615 0.28846153846153844
1 0.8930288461538461 0.13581730769230768 0.21153846153846154 0.17548076923076922