0 0.6346153846153846 0.6730769230769231 0.0829326923076923 0.5829326923076923
1 0.12740384615384615 0.5588942307692307 0.171875 0.20192307692307693
0 0.4519230769230769 0.5709134615384616 0.026442307692307692 0.15264423076923078
0 0.49399038461538464 0.5324519230769231 0.04567307692307692 0.11658653846153846
0 0.5264423076923077 0.5637019230769231 0.028846153846153848 0.15625
0 0.5552884615384616 0.5625 0.028846153846153848 0.16346153846153846
0 0.7007211538461539 0.5552884615384616 0.010817307692307692 0.1045673076923077
0 0.7175480769230769 0.5649038461538461 0.02403846153846154 0.09495192307692307
1 0.30408653846153844 0.4855769230769231 0.027644230769230768 0.03125
1 0.35336538461538464 0.47475961538461536 0.03485576923076923 0.030048076923076924
1 0.3641826923076923 0.5228365384615384 0.056490384615384616 0.07692307692307693
1 0.40024038461538464 0.4831730769230769 0.02283653846153846 0.027644230769230768
1 0.4170673076923077 0.5012019230769231 0.028846153846153848 0.039663461538461536
1 0.44591346153846156 0.49278846153846156 0.018028846153846152 0.03125