0 0.921875 0.27163461538461536 0.11899038461538461 0.47836538461538464
0 0.04447115384615385 0.390625 0.08653846153846154 0.2860576923076923
0 0.09735576923076923 0.28725961538461536 0.040865384615384616 0.11778846153846154
0 0.31971153846153844 0.1935096153846154 0.028846153846153848 0.03125
0 0.3786057692307692 0.1875 0.026442307692307692 0.03125
0 0.42427884615384615 0.18389423076923078 0.04447115384615385 0.04447115384615385
0 0.4723557692307692 0.17067307692307693 0.025240384615384616 0.05048076923076923
0 0.5204326923076923 0.18028846153846154 0.042067307692307696 0.0829326923076923
0 0.5985576923076923 0.20673076923076922 0.0985576923076923 0.1778846153846154
0 0.7848557692307693 0.23317307692307693 0.10576923076923077 0.30288461538461536
1 0.484375 0.5228365384615384 0.8161057692307693 0.6538461538461539
1 0.8125 0.24158653846153846 0.3737980769230769 0.3762019230769231