0 0.025240384615384616 0.3581730769230769 0.03365384615384615 0.037259615384615384
0 0.17307692307692307 0.36658653846153844 0.018028846153846152 0.03485576923076923
0 0.25 0.32211538461538464 0.038461538461538464 0.07091346153846154
0 0.2764423076923077 0.38461538461538464 0.036057692307692304 0.1201923076923077
0 0.3954326923076923 0.5024038461538461 0.20192307692307693 0.796875
0 0.4855769230769231 0.3629807692307692 0.016826923076923076 0.07211538461538461
0 0.515625 0.3701923076923077 0.03245192307692308 0.06009615384615385
0 0.5276442307692307 0.35216346153846156 0.020432692307692308 0.038461538461538464
0 0.6177884615384616 0.4879807692307692 0.15384615384615385 0.71875
0 0.6899038461538461 0.39302884615384615 0.025240384615384616 0.1045673076923077
0 0.7692307692307693 0.3701923076923077 0.016826923076923076 0.027644230769230768
1 0.11298076923076923 0.4098557692307692 0.22596153846153846 0.14903846153846154
1 0.7367788461538461 0.5444711538461539 0.5240384615384616 0.4423076923076923
1 0.5180288461538461 0.4375 0.06009615384615385 0.11177884615384616