0 0.015625 0.1141826923076923 0.028846153846153848 0.09014423076923077
0 0.078125 0.1778846153846154 0.1045673076923077 0.24519230769230768
0 0.12620192307692307 0.11899038461538461 0.036057692307692304 0.16105769230769232
0 0.15985576923076922 0.12259615384615384 0.039663461538461536 0.125
0 0.20192307692307693 0.109375 0.039663461538461536 0.1201923076923077
0 0.24639423076923078 0.12259615384615384 0.07091346153846154 0.09375
0 0.3329326923076923 0.11298076923076923 0.06490384615384616 0.09254807692307693
0 0.36538461538461536 0.09254807692307693 0.03365384615384615 0.11778846153846154
0 0.3954326923076923 0.10216346153846154 0.030048076923076924 0.12139423076923077
0 0.4495192307692308 0.109375 0.03125 0.09735576923076923
0 0.4699519230769231 0.11658653846153846 0.021634615384615384 0.11057692307692307
0 0.5060096153846154 0.12980769230769232 0.038461538461538464 0.13581730769230768
0 0.5420673076923077 0.12620192307692307 0.04927884615384615 0.171875
0 0.5793269230769231 0.1814903846153846 0.0985576923076923 0.30408653846153844
0 0.6598557692307693 0.12620192307692307 0.028846153846153848 0.12620192307692307
0 0.7139423076923077 0.27403846153846156 0.11899038461538461 0.21754807692307693
0 0.7007211538461539 0.09254807692307693 0.026442307692307692 0.0625
0 0.7259615384615384 0.10096153846153846 0.018028846153846152 0.06971153846153846
0 0.7584134615384616 0.0985576923076923 0.02403846153846154 0.06129807692307692
0 0.8076923076923077 0.23798076923076922 0.06370192307692307 0.17908653846153846
0 0.7980769230769231 0.203125 0.042067307692307696 0.125
0 0.8004807692307693 0.109375 0.038461538461538464 0.07091346153846154
0 0.828125 0.10697115384615384 0.03365384615384615 0.07572115384615384
0 0.8653846153846154 0.25961538461538464 0.09134615384615384 0.21875
0 0.8689903846153846 0.14182692307692307 0.04326923076923077 0.1310096153846154
0 0.8858173076923077 0.13942307692307693 0.02403846153846154 0.1310096153846154
0 0.9098557692307693 0.1310096153846154 0.02403846153846154 0.12860576923076922
0 0.9399038461538461 0.1466346153846154 0.027644230769230768 0.1310096153846154
0 0.96875 0.14182692307692307 0.04567307692307692 0.1346153846153846
1 0.4723557692307692 0.5360576923076923 0.9086538461538461 0.7355769230769231
1 0.7379807692307693 0.1658653846153846 0.19230769230769232 0.140625
1 0.8629807692307693 0.12860576923076922 0.08173076923076923 0.07932692307692307