0 0.1045673076923077 0.46634615384615385 0.12980769230769232 0.5048076923076923
0 0.14543269230769232 0.32572115384615385 0.09615384615384616 0.2512019230769231
0 0.27283653846153844 0.5769230769230769 0.25721153846153844 0.38221153846153844
0 0.19471153846153846 0.30408653846153844 0.0625 0.21033653846153846
0 0.4338942307692308 0.4026442307692308 0.078125 0.27163461538461536
0 0.5132211538461539 0.40865384615384615 0.0673076923076923 0.3004807692307692
0 0.7620192307692307 0.5709134615384616 0.41586538461538464 0.8557692307692307
0 0.5889423076923077 0.39302884615384615 0.055288461538461536 0.2127403846153846
1 0.29927884615384615 0.2956730769230769 0.12740384615384615 0.09735576923076923
1 0.35697115384615385 0.2848557692307692 0.025240384615384616 0.03485576923076923
1 0.7632211538461539 0.6358173076923077 0.47115384615384615 0.7247596153846154
1 0.5685096153846154 0.31009615384615385 0.025240384615384616 0.06009615384615385