0 0.7776442307692307 0.21153846153846154 0.04927884615384615 0.140625
1 0.453125 0.40024038461538464 0.36658653846153844 0.7199519230769231
0 0.20552884615384615 0.7223557692307693 0.3401442307692308 0.24639423076923078
0 0.5132211538461539 0.8076923076923077 0.4170673076923077 0.38221153846153844
0 0.7283653846153846 0.20793269230769232 0.04447115384615385 0.14182692307692307
0 0.9026442307692307 0.22355769230769232 0.026442307692307692 0.07932692307692307
0 0.9699519230769231 0.24879807692307693 0.05889423076923077 0.10096153846153846
1 0.140625 0.2536057692307692 0.14182692307692307 0.13942307692307693
1 0.2247596153846154 0.2548076923076923 0.09014423076923077 0.10216346153846154
1 0.26802884615384615 0.24519230769230768 0.04447115384615385 0.07692307692307693
1 0.28125 0.2608173076923077 0.02403846153846154 0.04807692307692308
1 0.5817307692307693 0.19951923076923078 0.04326923076923077 0.038461538461538464
1 0.7524038461538461 0.23197115384615385 0.23798076923076922 0.11298076923076923
1 0.8990384615384616 0.2091346153846154 0.07572115384615384 0.11298076923076923
1 0.9411057692307693 0.2127403846153846 0.02403846153846154 0.07451923076923077