0 0.6021634615384616 0.3737980769230769 0.09134615384615384 0.13822115384615385
1 0.7019230769230769 0.4807692307692308 0.4951923076923077 0.20192307692307693
0 0.29927884615384615 0.3076923076923077 0.02283653846153846 0.07572115384615384
0 0.35096153846153844 0.2764423076923077 0.037259615384615384 0.03365384615384615
0 0.4014423076923077 0.4362980769230769 0.06370192307692307 0.21514423076923078
0 0.47596153846153844 0.3918269230769231 0.046875 0.038461538461538464
0 0.8257211538461539 0.3245192307692308 0.05048076923076923 0.09735576923076923
0 0.8846153846153846 0.3317307692307692 0.04807692307692308 0.09975961538461539
1 0.1346153846153846 0.5649038461538461 0.23677884615384615 0.18269230769230768
1 0.1971153846153846 0.40024038461538464 0.35336538461538464 0.15625
1 0.3557692307692308 0.6766826923076923 0.6670673076923077 0.11658653846153846
1 0.40865384615384615 0.44350961538461536 0.6670673076923077 0.19951923076923078
1 0.25961538461538464 0.30288461538461536 0.16346153846153846 0.06370192307692307
1 0.38822115384615385 0.30408653846153844 0.17908653846153846 0.07572115384615384
1 0.6802884615384616 0.6466346153846154 0.6153846153846154 0.1622596153846154
1 0.5096153846153846 0.30649038461538464 0.2283653846153846 0.07091346153846154
1 0.6586538461538461 0.31850961538461536 0.265625 0.09495192307692307
1 0.7740384615384616 0.3245192307692308 0.23918269230769232 0.0985576923076923
1 0.9026442307692307 0.3245192307692308 0.1466346153846154 0.10216346153846154
1 0.9543269230769231 0.53125 0.07932692307692307 0.09615384615384616