0 0.2608173076923077 0.4675480769230769 0.07932692307692307 0.3233173076923077
0 0.3713942307692308 0.5180288461538461 0.07091346153846154 0.140625
0 0.4170673076923077 0.4651442307692308 0.04927884615384615 0.2776442307692308
0 0.46033653846153844 0.4639423076923077 0.04807692307692308 0.2692307692307692
0 0.4723557692307692 0.4735576923076923 0.02403846153846154 0.13341346153846154
0 0.5108173076923077 0.4807692307692308 0.040865384615384616 0.2704326923076923
0 0.5084134615384616 0.46153846153846156 0.027644230769230768 0.18870192307692307
0 0.5264423076923077 0.4326923076923077 0.010817307692307692 0.1201923076923077
0 0.5444711538461539 0.4543269230769231 0.03365384615384615 0.17548076923076922
0 0.5576923076923077 0.453125 0.019230769230769232 0.11778846153846154
0 0.5661057692307693 0.41346153846153844 0.007211538461538462 0.02403846153846154
0 0.5757211538461539 0.41346153846153844 0.014423076923076924 0.020432692307692308
0 0.6009615384615384 0.38822115384615385 0.04326923076923077 0.07091346153846154
1 0.9182692307692307 0.43509615384615385 0.15625 0.18269230769230768
1 0.9891826923076923 0.4807692307692308 0.020432692307692308 0.14903846153846154