1 0.15384615384615385 0.9086538461538461 0.2512019230769231 0.15264423076923078
0 0.1971153846153846 0.9471153846153846 0.3317307692307692 0.04927884615384615
0 0.1778846153846154 0.9411057692307693 0.08653846153846154 0.11538461538461539
0 0.32091346153846156 0.8798076923076923 0.016826923076923076 0.07451923076923077
0 0.35096153846153844 0.9074519230769231 0.026442307692307692 0.03125
0 0.3641826923076923 0.8870192307692307 0.028846153846153848 0.08774038461538461
0 0.38221153846153844 0.8930288461538461 0.007211538461538462 0.08533653846153846
0 0.3918269230769231 0.8966346153846154 0.010817307692307692 0.09495192307692307
0 0.4170673076923077 0.890625 0.002403846153846154 0.08653846153846154
0 0.49399038461538464 0.8701923076923077 0.028846153846153848 0.06850961538461539
0 0.5420673076923077 0.8966346153846154 0.038461538461538464 0.09014423076923077
0 0.9026442307692307 0.9302884615384616 0.055288461538461536 0.13581730769230768
1 0.039663461538461536 0.8509615384615384 0.07932692307692307 0.07211538461538461
1 0.8822115384615384 0.8930288461538461 0.140625 0.10697115384615384
1 0.9747596153846154 0.9110576923076923 0.04807692307692308 0.0829326923076923
1 0.9903846153846154 0.9603365384615384 0.016826923076923076 0.06009615384615385