0 0.4963942307692308 0.8786057692307693 0.057692307692307696 0.19591346153846154
1 0.125 0.8725961538461539 0.234375 0.21514423076923078
0 0.046875 0.78125 0.04927884615384615 0.05889423076923077
0 0.09975961538461539 0.84375 0.08173076923076923 0.27403846153846156
0 0.21875 0.8245192307692307 0.02283653846153846 0.07211538461538461
0 0.25721153846153844 0.8461538461538461 0.04927884615384615 0.20192307692307693
0 0.3137019230769231 0.8677884615384616 0.03485576923076923 0.15745192307692307
0 0.3076923076923077 0.8713942307692307 0.02283653846153846 0.15745192307692307
0 0.3557692307692308 0.8557692307692307 0.039663461538461536 0.17548076923076922
0 0.4050480769230769 0.8762019230769231 0.026442307692307692 0.08413461538461539
0 0.41586538461538464 0.8713942307692307 0.015625 0.046875
0 0.4375 0.8786057692307693 0.019230769230769232 0.09735576923076923
0 0.53125 0.8617788461538461 0.036057692307692304 0.1935096153846154
0 0.5829326923076923 0.8545673076923077 0.04927884615384615 0.23197115384615385
0 0.65625 0.8677884615384616 0.04807692307692308 0.19110576923076922
0 0.7151442307692307 0.8725961538461539 0.039663461538461536 0.18629807692307693
0 0.75 0.8725961538461539 0.026442307692307692 0.11298076923076923
0 0.78125 0.8810096153846154 0.02403846153846154 0.10817307692307693
0 0.8389423076923077 0.8810096153846154 0.02403846153846154 0.09134615384615384
0 0.9399038461538461 0.8918269230769231 0.018028846153846152 0.1045673076923077
0 0.9735576923076923 0.8557692307692307 0.051682692307692304 0.2860576923076923
1 0.5793269230769231 0.8641826923076923 0.1141826923076923 0.1346153846153846
1 0.7992788461538461 0.8822115384615384 0.030048076923076924 0.038461538461538464
1 0.8521634615384616 0.8786057692307693 0.055288461538461536 0.06129807692307692