0 0.3401442307692308 0.7007211538461539 0.039663461538461536 0.14783653846153846
0 0.37259615384615385 0.6658653846153846 0.018028846153846152 0.0829326923076923
0 0.38100961538461536 0.6670673076923077 0.010817307692307692 0.0733173076923077
0 0.44350961538461536 0.6899038461538461 0.028846153846153848 0.11899038461538461
0 0.4735576923076923 0.6862980769230769 0.026442307692307692 0.11538461538461539
0 0.49759615384615385 0.6850961538461539 0.03365384615384615 0.12259615384615384
0 0.8016826923076923 0.6706730769230769 0.03365384615384615 0.040865384615384616
0 0.8052884615384616 0.6658653846153846 0.018028846153846152 0.054086538461538464
0 0.84375 0.6670673076923077 0.026442307692307692 0.07932692307692307
0 0.8713942307692307 0.6730769230769231 0.03365384615384615 0.06850961538461539
0 0.890625 0.6502403846153846 0.02283653846153846 0.051682692307692304
0 0.8990384615384616 0.6814903846153846 0.019230769230769232 0.07211538461538461
0 0.9206730769230769 0.7007211538461539 0.02283653846153846 0.109375
0 0.9471153846153846 0.7079326923076923 0.021634615384615384 0.11538461538461539
0 0.9807692307692307 0.7764423076923077 0.036057692307692304 0.2860576923076923
1 0.8257211538461539 0.8197115384615384 0.3329326923076923 0.33653846153846156