0 0.7584134615384616 0.35216346153846156 0.0829326923076923 0.3161057692307692
1 0.18509615384615385 0.4951923076923077 0.36899038461538464 0.5444711538461539
0 0.6754807692307693 0.3329326923076923 0.014423076923076924 0.040865384615384616
0 0.8149038461538461 0.3233173076923077 0.019230769230769232 0.04567307692307692
0 0.8461538461538461 0.3112980769230769 0.015625 0.021634615384615384
1 0.10336538461538461 0.7728365384615384 0.20552884615384615 0.4519230769230769
1 0.4182692307692308 0.41586538461538464 0.23677884615384615 0.28846153846153844
1 0.4951923076923077 0.3425480769230769 0.1814903846153846 0.22115384615384615
1 0.8533653846153846 0.33774038461538464 0.028846153846153848 0.05048076923076923
1 0.8497596153846154 0.32572115384615385 0.019230769230769232 0.02403846153846154
1 0.9302884615384616 0.3088942307692308 0.13701923076923078 0.10096153846153846