0 0.47716346153846156 0.1971153846153846 0.10096153846153846 0.27163461538461536
0 0.6538461538461539 0.10336538461538461 0.12860576923076922 0.20673076923076922
0 0.8774038461538461 0.10576923076923077 0.05048076923076923 0.17307692307692307
0 0.9399038461538461 0.10576923076923077 0.054086538461538464 0.14302884615384615
0 0.9819711538461539 0.10336538461538461 0.03365384615384615 0.13822115384615385
1 0.038461538461538464 0.046875 0.07692307692307693 0.055288461538461536
1 0.07451923076923077 0.028846153846153848 0.12620192307692307 0.057692307692307696
1 0.22956730769230768 0.030048076923076924 0.02403846153846154 0.021634615384615384
1 0.25721153846153844 0.030048076923076924 0.026442307692307692 0.02403846153846154
1 0.27283653846153844 0.026442307692307692 0.009615384615384616 0.007211538461538462
1 0.29447115384615385 0.03245192307692308 0.019230769230769232 0.015625
1 0.3125 0.03125 0.01201923076923077 0.018028846153846152
1 0.45913461538461536 0.0673076923076923 0.296875 0.1346153846153846
1 0.9350961538461539 0.09615384615384616 0.10096153846153846 0.07692307692307693
1 0.9206730769230769 0.0733173076923077 0.06490384615384616 0.040865384615384616