1 0.5973557692307693 0.6887019230769231 0.30649038461538464 0.36899038461538464
0 0.055288461538461536 0.45552884615384615 0.04447115384615385 0.13221153846153846
0 0.11538461538461539 0.4206730769230769 0.028846153846153848 0.07211538461538461
0 0.12860576923076922 0.4206730769230769 0.019230769230769232 0.06610576923076923
0 0.13822115384615385 0.4375 0.02403846153846154 0.05889423076923077
0 0.1466346153846154 0.4338942307692308 0.028846153846153848 0.054086538461538464
0 0.18269230769230768 0.43149038461538464 0.020432692307692308 0.05889423076923077
0 0.18629807692307693 0.3942307692307692 0.02283653846153846 0.04567307692307692
0 0.19230769230769232 0.4387019230769231 0.016826923076923076 0.06009615384615385
0 0.21153846153846154 0.46274038461538464 0.03245192307692308 0.09134615384615384
0 0.2127403846153846 0.42788461538461536 0.02283653846153846 0.051682692307692304
0 0.23076923076923078 0.48677884615384615 0.03245192307692308 0.17668269230769232
0 0.24879807692307693 0.5060096153846154 0.06009615384615385 0.2091346153846154
0 0.265625 0.39302884615384615 0.014423076923076924 0.036057692307692304
0 0.27403846153846156 0.5132211538461539 0.021634615384615384 0.2091346153846154
0 0.31009615384615385 0.4110576923076923 0.01201923076923077 0.046875
0 0.31850961538461536 0.40865384615384615 0.007211538461538462 0.05889423076923077
0 0.35096153846153844 0.41586538461538464 0.019230769230769232 0.06490384615384616
0 0.3762019230769231 0.4182692307692308 0.013221153846153846 0.054086538461538464
0 0.40384615384615385 0.44711538461538464 0.037259615384615384 0.11298076923076923
0 0.4254807692307692 0.6141826923076923 0.06850961538461539 0.22716346153846154
0 0.609375 0.4338942307692308 0.030048076923076924 0.054086538461538464
0 0.7644230769230769 0.7728365384615384 0.2439903846153846 0.45072115384615385
0 0.7067307692307693 0.53125 0.04807692307692308 0.12740384615384615
0 0.7427884615384616 0.5288461538461539 0.05889423076923077 0.17908653846153846
0 0.7788461538461539 0.41586538461538464 0.037259615384615384 0.04927884615384615
1 0.20432692307692307 0.7716346153846154 0.4074519230769231 0.4543269230769231
1 0.1310096153846154 0.6033653846153846 0.1935096153846154 0.2403846153846154
1 0.13822115384615385 0.48677884615384615 0.13822115384615385 0.06009615384615385
1 0.3401442307692308 0.5144230769230769 0.11778846153846154 0.16826923076923078
1 0.4110576923076923 0.578125 0.18028846153846154 0.24278846153846154
1 0.5192307692307693 0.48197115384615385 0.12740384615384615 0.109375
1 0.6346153846153846 0.5300480769230769 0.15985576923076922 0.140625
1 0.6887019230769231 0.453125 0.14903846153846154 0.0889423076923077
1 0.8052884615384616 0.4651442307692308 0.13942307692307693 0.07211538461538461
1 0.8822115384615384 0.5757211538461539 0.234375 0.16346153846153846
1 0.8930288461538461 0.7992788461538461 0.21153846153846154 0.39783653846153844
1 0.9134615384615384 0.47716346153846156 0.16346153846153846 0.07451923076923077
1 0.9831730769230769 0.5360576923076923 0.03125 0.0673076923076923