1 0.8617788461538461 0.8197115384615384 0.2536057692307692 0.3004807692307692
0 0.04326923076923077 0.36778846153846156 0.028846153846153848 0.17307692307692307
0 0.09254807692307693 0.35336538461538464 0.038461538461538464 0.18509615384615385
0 0.2091346153846154 0.5492788461538461 0.040865384615384616 0.21875
0 0.20432692307692307 0.33413461538461536 0.018028846153846152 0.1045673076923077
0 0.2439903846153846 0.3425480769230769 0.039663461538461536 0.13581730769230768
0 0.27283653846153844 0.5600961538461539 0.030048076923076924 0.17668269230769232
0 0.30649038461538464 0.3233173076923077 0.03125 0.12740384615384615
0 0.3088942307692308 0.5048076923076923 0.03485576923076923 0.1778846153846154
0 0.37259615384615385 0.5024038461538461 0.028846153846153848 0.1971153846153846
0 0.3918269230769231 0.43990384615384615 0.030048076923076924 0.051682692307692304
0 0.41586538461538464 0.5240384615384616 0.054086538461538464 0.18629807692307693
0 0.421875 0.1814903846153846 0.02403846153846154 0.13341346153846154
0 0.42427884615384615 0.42427884615384615 0.020432692307692308 0.051682692307692304
0 0.4375 0.4110576923076923 0.02283653846153846 0.051682692307692304
0 0.44471153846153844 0.18028846153846154 0.028846153846153848 0.17668269230769232
0 0.4579326923076923 0.4675480769230769 0.042067307692307696 0.07932692307692307
0 0.5685096153846154 0.328125 0.028846153846153848 0.13701923076923078
0 0.5961538461538461 0.31490384615384615 0.021634615384615384 0.15625
0 0.6346153846153846 0.22956730769230768 0.039663461538461536 0.057692307692307696
0 0.6346153846153846 0.30408653846153844 0.039663461538461536 0.14543269230769232
0 0.6466346153846154 0.5024038461538461 0.04326923076923077 0.18389423076923078
0 0.6574519230769231 0.33413461538461536 0.038461538461538464 0.07211538461538461
0 0.6766826923076923 0.2764423076923077 0.04447115384615385 0.11778846153846154
0 0.6995192307692307 0.44471153846153844 0.021634615384615384 0.037259615384615384
0 0.71875 0.5060096153846154 0.03245192307692308 0.14423076923076922
0 0.7307692307692307 0.5384615384615384 0.026442307692307692 0.13341346153846154
0 0.7596153846153846 0.5540865384615384 0.026442307692307692 0.19471153846153846
0 0.8221153846153846 0.45913461538461536 0.054086538461538464 0.07451923076923077
0 0.8389423076923077 0.4254807692307692 0.03365384615384615 0.09254807692307693
0 0.8894230769230769 0.4411057692307692 0.056490384615384616 0.0733173076923077
1 0.5132211538461539 0.6141826923076923 0.24278846153846154 0.24759615384615385
1 0.609375 0.8834134615384616 0.30408653846153844 0.23076923076923078
1 0.6911057692307693 0.1622596153846154 0.18028846153846154 0.21875
1 0.8882211538461539 0.6237980769230769 0.22115384615384615 0.3269230769230769
1 0.8930288461538461 0.04807692307692308 0.15625 0.09254807692307693
1 0.9747596153846154 0.515625 0.04807692307692308 0.0829326923076923
1 0.9939903846153846 0.16105769230769232 0.010817307692307692 0.07211538461538461