0 0.42788461538461536 0.29086538461538464 0.19110576923076922 0.24759615384615385
0 0.4375 0.3473557692307692 0.051682692307692304 0.08533653846153846
0 0.515625 0.28125 0.009615384615384616 0.054086538461538464
0 0.5348557692307693 0.27524038461538464 0.018028846153846152 0.08413461538461539
0 0.8076923076923077 0.2824519230769231 0.013221153846153846 0.039663461538461536
0 0.9230769230769231 0.3473557692307692 0.07932692307692307 0.14903846153846154
0 0.9362980769230769 0.27884615384615385 0.054086538461538464 0.15865384615384615
1 0.5108173076923077 0.5877403846153846 0.9110576923076923 0.8016826923076923
1 0.49759615384615385 0.31850961538461536 0.028846153846153848 0.10096153846153846
1 0.5889423076923077 0.2956730769230769 0.0673076923076923 0.04927884615384615
1 0.9302884615384616 0.3557692307692308 0.13701923076923078 0.09975961538461539