0 0.8533653846153846 0.23317307692307693 0.0829326923076923 0.3161057692307692
1 0.4891826923076923 0.5 0.9026442307692307 0.8269230769230769
0 0.2247596153846154 0.125 0.06009615384615385 0.11778846153846154
0 0.29927884615384615 0.09014423076923077 0.07211538461538461 0.15625
0 0.359375 0.1045673076923077 0.039663461538461536 0.109375
0 0.4110576923076923 0.125 0.0829326923076923 0.1045673076923077
0 0.6382211538461539 0.10336538461538461 0.06971153846153846 0.20673076923076922
0 0.7079326923076923 0.15384615384615385 0.0625 0.18629807692307693
0 0.7668269230769231 0.17427884615384615 0.042067307692307696 0.24519230769230768
0 0.921875 0.13942307692307693 0.09615384615384616 0.2776442307692308
1 0.9170673076923077 0.34615384615384615 0.16346153846153846 0.6923076923076923