1 0.4675480769230769 0.8509615384615384 0.23197115384615385 0.25600961538461536
0 0.056490384615384616 0.8461538461538461 0.039663461538461536 0.3016826923076923
0 0.15384615384615385 0.7259615384615384 0.025240384615384616 0.21153846153846154
0 0.1622596153846154 0.7620192307692307 0.021634615384615384 0.22115384615384615
0 0.16947115384615385 0.609375 0.02403846153846154 0.08413461538461539
0 0.1875 0.7692307692307693 0.028846153846153848 0.24879807692307693
0 0.20552884615384615 0.8064903846153846 0.021634615384615384 0.15625
0 0.24278846153846154 0.7307692307692307 0.028846153846153848 0.22115384615384615
0 0.2704326923076923 0.7788461538461539 0.03125 0.24278846153846154
0 0.296875 0.6682692307692307 0.02283653846153846 0.20192307692307693
0 0.3088942307692308 0.8786057692307693 0.026442307692307692 0.23677884615384615
0 0.3173076923076923 0.6670673076923077 0.018028846153846152 0.1875
0 0.3473557692307692 0.7163461538461539 0.03125 0.15625
0 0.35096153846153844 0.8665865384615384 0.026442307692307692 0.2620192307692308
0 0.3798076923076923 0.6778846153846154 0.025240384615384616 0.16466346153846154
0 0.41346153846153844 0.6778846153846154 0.02283653846153846 0.12139423076923077
0 0.4651442307692308 0.7824519230769231 0.019230769230769232 0.08052884615384616
0 0.46634615384615385 0.6754807692307693 0.018028846153846152 0.1310096153846154
0 0.4987980769230769 0.7800480769230769 0.03365384615384615 0.078125
0 0.4951923076923077 0.9675480769230769 0.020432692307692308 0.05889423076923077
0 0.5024038461538461 0.6117788461538461 0.015625 0.13341346153846154
0 0.5132211538461539 0.6033653846153846 0.016826923076923076 0.12740384615384615
0 0.5264423076923077 0.7415865384615384 0.028846153846153848 0.1310096153846154
0 0.53125 0.6201923076923077 0.02283653846153846 0.1310096153846154
0 0.6141826923076923 0.8798076923076923 0.038461538461538464 0.23317307692307693
0 0.6418269230769231 0.9423076923076923 0.030048076923076924 0.109375
0 0.6766826923076923 0.9375 0.042067307692307696 0.11778846153846154
0 0.6802884615384616 0.7536057692307693 0.028846153846153848 0.1875
0 0.6947115384615384 0.5625 0.013221153846153846 0.078125
0 0.7115384615384616 0.6754807692307693 0.015625 0.14903846153846154
0 0.7367788461538461 0.6778846153846154 0.019230769230769232 0.1778846153846154
0 0.8317307692307693 0.5985576923076923 0.013221153846153846 0.08052884615384616
0 0.8725961538461539 0.6310096153846154 0.01201923076923077 0.06490384615384616
0 0.8918269230769231 0.6430288461538461 0.010817307692307692 0.09615384615384616
0 0.9086538461538461 0.9170673076923077 0.040865384615384616 0.15865384615384615
0 0.9026442307692307 0.6454326923076923 0.013221153846153846 0.09975961538461539
0 0.9399038461538461 0.8846153846153846 0.026442307692307692 0.2247596153846154
0 0.9615384615384616 0.9002403846153846 0.025240384615384616 0.1935096153846154
0 0.9819711538461539 0.8894230769230769 0.021634615384615384 0.21514423076923078
1 0.013221153846153846 0.8269230769230769 0.026442307692307692 0.15264423076923078
1 0.016826923076923076 0.7199519230769231 0.03365384615384615 0.11778846153846154
1 0.03485576923076923 0.5 0.06610576923076923 0.078125
1 0.06490384615384616 0.5649038461538461 0.10096153846153846 0.07211538461538461
1 0.05048076923076923 0.40384615384615385 0.04326923076923077 0.07211538461538461
1 0.12139423076923077 0.5108173076923077 0.027644230769230768 0.0625
1 0.22956730769230768 0.5588942307692307 0.039663461538461536 0.05889423076923077
1 0.3112980769230769 0.6466346153846154 0.12259615384615384 0.12740384615384615
1 0.3918269230769231 0.6009615384615384 0.11778846153846154 0.14903846153846154
1 0.7728365384615384 0.8942307692307693 0.23197115384615385 0.20552884615384615