0 0.22956730769230768 0.7139423076923077 0.17067307692307693 0.5637019230769231
0 0.3233173076923077 0.6766826923076923 0.09735576923076923 0.5949519230769231
0 0.3605769230769231 0.4831730769230769 0.0733173076923077 0.18028846153846154
0 0.4879807692307692 0.4639423076923077 0.04927884615384615 0.1201923076923077
0 0.4795673076923077 0.3629807692307692 0.03245192307692308 0.09375
0 0.5408653846153846 0.7175480769230769 0.06850961538461539 0.3473557692307692
0 0.6141826923076923 0.7668269230769231 0.15985576923076922 0.4579326923076923
0 0.5793269230769231 0.4675480769230769 0.06971153846153846 0.10096153846153846
0 0.6742788461538461 0.640625 0.12980769230769232 0.4795673076923077
0 0.8677884615384616 0.4266826923076923 0.054086538461538464 0.10817307692307693
0 0.9086538461538461 0.43149038461538464 0.040865384615384616 0.10216346153846154
0 0.9435096153846154 0.4170673076923077 0.03485576923076923 0.0985576923076923
1 0.23918269230769232 0.4266826923076923 0.04447115384615385 0.055288461538461536
1 0.27524038461538464 0.4206730769230769 0.03485576923076923 0.051682692307692304
1 0.4879807692307692 0.6670673076923077 0.2620192307692308 0.3425480769230769
1 0.3918269230769231 0.4074519230769231 0.056490384615384616 0.04807692307692308
1 0.8413461538461539 0.6658653846153846 0.31490384615384615 0.4074519230769231