0 0.9447115384615384 0.23197115384615385 0.09615384615384616 0.4639423076923077
0 0.12139423076923077 0.14182692307692307 0.040865384615384616 0.11298076923076923
0 0.18028846153846154 0.1310096153846154 0.051682692307692304 0.13581730769230768
0 0.22235576923076922 0.1201923076923077 0.030048076923076924 0.12620192307692307
0 0.3425480769230769 0.06971153846153846 0.05048076923076923 0.051682692307692304
0 0.38341346153846156 0.054086538461538464 0.03365384615384615 0.04807692307692308
0 0.78125 0.04567307692307692 0.030048076923076924 0.06370192307692307
0 0.8269230769230769 0.04447115384615385 0.04807692307692308 0.0889423076923077
0 0.8581730769230769 0.051682692307692304 0.040865384615384616 0.10336538461538461
1 0.5288461538461539 0.49038461538461536 0.8509615384615384 0.9807692307692307
1 0.18269230769230768 0.028846153846153848 0.021634615384615384 0.026442307692307692
1 0.21995192307692307 0.0829326923076923 0.028846153846153848 0.015625
1 0.26802884615384615 0.020432692307692308 0.01201923076923077 0.010817307692307692
1 0.2956730769230769 0.021634615384615384 0.014423076923076924 0.016826923076923076
1 0.3233173076923077 0.008413461538461538 0.015625 0.014423076923076924
1 0.34615384615384615 0.030048076923076924 0.02403846153846154 0.013221153846153846
1 0.35216346153846156 0.004807692307692308 0.025240384615384616 0.004807692307692308
1 0.37740384615384615 0.003605769230769231 0.01201923076923077 0.006009615384615385
1 0.7680288461538461 0.17908653846153846 0.26322115384615385 0.3581730769230769
1 0.7548076923076923 0.109375 0.09975961538461539 0.06490384615384616