1 0.15985576923076922 0.5901442307692307 0.31490384615384615 0.2247596153846154
0 0.28125 0.5108173076923077 0.02283653846153846 0.07692307692307693
0 0.3894230769230769 0.5985576923076923 0.09375 0.25600961538461536
0 0.5456730769230769 0.5096153846153846 0.04567307692307692 0.078125
0 0.7848557692307693 0.5805288461538461 0.07932692307692307 0.18389423076923078
0 0.8713942307692307 0.5552884615384616 0.06850961538461539 0.19230769230769232
0 0.9423076923076923 0.5324519230769231 0.039663461538461536 0.13822115384615385
0 0.9603365384615384 0.5228365384615384 0.028846153846153848 0.15745192307692307
1 0.013221153846153846 0.7475961538461539 0.026442307692307692 0.1346153846153846
1 0.43509615384615385 0.5709134615384616 0.2920673076923077 0.2283653846153846
1 0.7019230769230769 0.5600961538461539 0.13221153846153846 0.15745192307692307
1 0.9170673076923077 0.5300480769230769 0.046875 0.10096153846153846