1 0.27524038461538464 0.5120192307692307 0.14302884615384615 0.33413461538461536
0 0.028846153846153848 0.6081730769230769 0.057692307692307696 0.7091346153846154
0 0.036057692307692304 0.3798076923076923 0.07211538461538461 0.7596153846153846
0 0.09134615384615384 0.4326923076923077 0.04447115384615385 0.5673076923076923
0 0.109375 0.3870192307692308 0.03485576923076923 0.5240384615384616
0 0.1141826923076923 0.47836538461538464 0.026442307692307692 0.19230769230769232
0 0.5697115384615384 0.5036057692307693 0.07451923076923077 0.6081730769230769
0 0.6899038461538461 0.3798076923076923 0.0625 0.5985576923076923
0 0.7103365384615384 0.4639423076923077 0.09735576923076923 0.3545673076923077
0 0.7608173076923077 0.47836538461538464 0.03365384615384615 0.34134615384615385
0 0.7944711538461539 0.48677884615384615 0.04326923076923077 0.39903846153846156
0 0.8257211538461539 0.4831730769230769 0.051682692307692304 0.3918269230769231
0 0.8930288461538461 0.5336538461538461 0.040865384615384616 0.36538461538461536
0 0.9639423076923077 0.5528846153846154 0.036057692307692304 0.3076923076923077
1 0.19831730769230768 0.5168269230769231 0.06009615384615385 0.14903846153846154
1 0.4098557692307692 0.5456730769230769 0.10096153846153846 0.20552884615384615