0 0.46153846153846156 0.6286057692307693 0.05889423076923077 0.21995192307692307
0 0.04807692307692308 0.5240384615384616 0.042067307692307696 0.10817307692307693
0 0.08653846153846154 0.5324519230769231 0.04326923076923077 0.11298076923076923
0 0.36658653846153844 0.6201923076923077 0.04927884615384615 0.21875
0 0.39663461538461536 0.6177884615384616 0.019230769230769232 0.22235576923076922
0 0.41947115384615385 0.6201923076923077 0.037259615384615384 0.2247596153846154
0 0.5673076923076923 0.6021634615384616 0.038461538461538464 0.11298076923076923
0 0.6694711538461539 0.5492788461538461 0.025240384615384616 0.05048076923076923
0 0.7367788461538461 0.5420673076923077 0.03125 0.04927884615384615
0 0.8269230769230769 0.5745192307692307 0.026442307692307692 0.10576923076923077
0 0.8978365384615384 0.5564903846153846 0.026442307692307692 0.11538461538461539
0 0.9543269230769231 0.5576923076923077 0.03365384615384615 0.08653846153846154
1 0.23677884615384615 0.6153846153846154 0.2512019230769231 0.2692307692307692