0 0.6286057692307693 0.1502403846153846 0.07572115384615384 0.24158653846153846
1 0.5805288461538461 0.4723557692307692 0.7211538461538461 0.515625
0 0.028846153846153848 0.02403846153846154 0.02403846153846154 0.04807692307692308
0 0.038461538461538464 0.038461538461538464 0.028846153846153848 0.03245192307692308
0 0.0625 0.025240384615384616 0.028846153846153848 0.05048076923076923
0 0.23557692307692307 0.018028846153846152 0.019230769230769232 0.036057692307692304
0 0.3269230769230769 0.057692307692307696 0.04326923076923077 0.09134615384615384
0 0.4182692307692308 0.21394230769230768 0.05889423076923077 0.28966346153846156
0 0.4387019230769231 0.013221153846153846 0.013221153846153846 0.026442307692307692
0 0.4891826923076923 0.014423076923076924 0.020432692307692308 0.028846153846153848
0 0.5745192307692307 0.013221153846153846 0.016826923076923076 0.026442307692307692
0 0.6346153846153846 0.31009615384615385 0.08052884615384616 0.12620192307692307
0 0.6478365384615384 0.008413461538461538 0.018028846153846152 0.015625
0 0.6802884615384616 0.006009615384615385 0.019230769230769232 0.01201923076923077
0 0.7752403846153846 0.008413461538461538 0.021634615384615384 0.016826923076923076
0 0.9026442307692307 0.14903846153846154 0.11057692307692307 0.28725961538461536
0 0.9134615384615384 0.1466346153846154 0.12259615384615384 0.28365384615384615
0 0.9759615384615384 0.09615384615384616 0.04567307692307692 0.17908653846153846
0 0.9831730769230769 0.051682692307692304 0.03245192307692308 0.10336538461538461
1 0.03485576923076923 0.27884615384615385 0.06971153846153846 0.14543269230769232