0 0.9182692307692307 0.5048076923076923 0.1201923076923077 0.8016826923076923
0 0.040865384615384616 0.19471153846153846 0.018028846153846152 0.042067307692307696
0 0.1971153846153846 0.26802884615384615 0.056490384615384616 0.27884615384615385
0 0.2824519230769231 0.2536057692307692 0.055288461538461536 0.1045673076923077
0 0.35697115384615385 0.203125 0.02403846153846154 0.08533653846153846
0 0.3737980769230769 0.20432692307692307 0.04927884615384615 0.07091346153846154
0 0.5288461538461539 0.15985576923076922 0.015625 0.02403846153846154
0 0.5396634615384616 0.1466346153846154 0.007211538461538462 0.008413461538461538
0 0.5444711538461539 0.171875 0.01201923076923077 0.04567307692307692
0 0.5625 0.18028846153846154 0.018028846153846152 0.04567307692307692
0 0.5829326923076923 0.171875 0.020432692307692308 0.0625
0 0.6021634615384616 0.1875 0.010817307692307692 0.03125
0 0.6322115384615384 0.1935096153846154 0.030048076923076924 0.07091346153846154
0 0.6454326923076923 0.1622596153846154 0.013221153846153846 0.030048076923076924
0 0.65625 0.18269230769230768 0.030048076923076924 0.10817307692307693
0 0.6670673076923077 0.15985576923076922 0.007211538461538462 0.02403846153846154
0 0.6911057692307693 0.18389423076923078 0.03125 0.08533653846153846
0 0.7007211538461539 0.16466346153846154 0.009615384615384616 0.02283653846153846
0 0.7151442307692307 0.19230769230769232 0.027644230769230768 0.10576923076923077
0 0.7295673076923077 0.1778846153846154 0.010817307692307692 0.0673076923076923
0 0.7391826923076923 0.203125 0.030048076923076924 0.10817307692307693
0 0.7680288461538461 0.21875 0.037259615384615384 0.1466346153846154
0 0.7872596153846154 0.15384615384615385 0.006009615384615385 0.03245192307692308
0 0.7992788461538461 0.1935096153846154 0.027644230769230768 0.08052884615384616
0 0.8100961538461539 0.265625 0.03365384615384615 0.0985576923076923
0 0.8185096153846154 0.16466346153846154 0.038461538461538464 0.13701923076923078
0 0.8689903846153846 0.171875 0.013221153846153846 0.09375
0 0.8834134615384616 0.19831730769230768 0.040865384615384616 0.19471153846153846
0 0.8990384615384616 0.13822115384615385 0.013221153846153846 0.05048076923076923
0 0.9783653846153846 0.14182692307692307 0.040865384615384616 0.08533653846153846
0 0.9891826923076923 0.09615384615384616 0.020432692307692308 0.019230769230769232
1 0.10096153846153846 0.8918269230769231 0.20072115384615385 0.21394230769230768
1 0.35697115384615385 0.625 0.7127403846153846 0.6971153846153846
1 0.5204326923076923 0.4483173076923077 0.6382211538461539 0.4170673076923077
1 0.39783653846153844 0.23076923076923078 0.10096153846153846 0.07451923076923077
1 0.6286057692307693 0.2536057692307692 0.41225961538461536 0.2536057692307692