1 0.9194711538461539 0.6850961538461539 0.1502403846153846 0.2608173076923077
0 0.014423076923076924 0.5348557692307693 0.016826923076923076 0.04447115384615385
0 0.46875 0.5072115384615384 0.11538461538461539 0.11538461538461539
0 0.6923076923076923 0.5108173076923077 0.038461538461538464 0.05048076923076923
0 0.8052884615384616 0.5769230769230769 0.052884615384615384 0.2091346153846154
0 0.8581730769230769 0.5673076923076923 0.04807692307692308 0.2127403846153846
0 0.8978365384615384 0.5420673076923077 0.055288461538461536 0.1658653846153846
0 0.9242788461538461 0.5060096153846154 0.028846153846153848 0.06850961538461539
0 0.9435096153846154 0.5264423076923077 0.040865384615384616 0.09375
0 0.9651442307692307 0.5372596153846154 0.03125 0.04927884615384615
0 0.9867788461538461 0.5276442307692307 0.02403846153846154 0.052884615384615384