0 0.6610576923076923 0.4579326923076923 0.027644230769230768 0.11899038461538461
0 0.6742788461538461 0.44591346153846156 0.021634615384615384 0.125
0 0.6778846153846154 0.46634615384615385 0.019230769230769232 0.13942307692307693
0 0.6971153846153846 0.46274038461538464 0.027644230769230768 0.16105769230769232
0 0.7067307692307693 0.4795673076923077 0.03365384615384615 0.1658653846153846
0 0.7175480769230769 0.39783653846153844 0.014423076923076924 0.04567307692307692
0 0.7271634615384616 0.4795673076923077 0.02403846153846154 0.12980769230769232
0 0.7259615384615384 0.4014423076923077 0.013221153846153846 0.04807692307692308
0 0.7487980769230769 0.49759615384615385 0.04807692307692308 0.08052884615384616
0 0.7487980769230769 0.4651442307692308 0.03365384615384615 0.171875
0 0.7367788461538461 0.4014423076923077 0.006009615384615385 0.025240384615384616
0 0.7451923076923077 0.39663461538461536 0.007211538461538462 0.015625
0 0.8100961538461539 0.5348557692307693 0.07451923076923077 0.2644230769230769
0 0.890625 0.5985576923076923 0.0829326923076923 0.46274038461538464
1 0.35697115384615385 0.4723557692307692 0.140625 0.14302884615384615
1 0.4266826923076923 0.4543269230769231 0.027644230769230768 0.08052884615384616
1 0.42908653846153844 0.46274038461538464 0.03245192307692308 0.09134615384615384
1 0.4411057692307692 0.4375 0.019230769230769232 0.054086538461538464
1 0.4423076923076923 0.4411057692307692 0.013221153846153846 0.039663461538461536
1 0.45552884615384615 0.4338942307692308 0.021634615384615384 0.036057692307692304
1 0.45552884615384615 0.4338942307692308 0.016826923076923076 0.038461538461538464
1 0.4735576923076923 0.421875 0.014423076923076924 0.03125
1 0.4735576923076923 0.421875 0.014423076923076924 0.028846153846153848
1 0.5012019230769231 0.421875 0.042067307692307696 0.04927884615384615
1 0.5 0.421875 0.037259615384615384 0.04807692307692308