0 0.18028846153846154 0.47596153846153844 0.018028846153846152 0.03125
0 0.28846153846153844 0.484375 0.038461538461538464 0.04927884615384615
0 0.37259615384615385 0.48197115384615385 0.027644230769230768 0.06370192307692307
0 0.6153846153846154 0.48677884615384615 0.028846153846153848 0.09735576923076923
0 0.6730769230769231 0.49399038461538464 0.03125 0.10697115384615384
0 0.6923076923076923 0.46634615384615385 0.020432692307692308 0.057692307692307696
0 0.7740384615384616 0.5168269230769231 0.039663461538461536 0.16947115384615385
0 0.8076923076923077 0.6538461538461539 0.10697115384615384 0.4423076923076923
0 0.8822115384615384 0.4951923076923077 0.030048076923076924 0.10096153846153846
0 0.9399038461538461 0.48197115384615385 0.028846153846153848 0.07572115384615384
1 0.35697115384615385 0.4543269230769231 0.04927884615384615 0.055288461538461536
1 0.484375 0.5649038461538461 0.19230769230769232 0.28365384615384615