0 0.1971153846153846 0.3605769230769231 0.08173076923076923 0.14903846153846154
0 0.3701923076923077 0.5264423076923077 0.2608173076923077 0.19951923076923078
0 0.3713942307692308 0.4387019230769231 0.19110576923076922 0.31971153846153844
0 0.30649038461538464 0.33653846153846156 0.030048076923076924 0.078125
0 0.3293269230769231 0.33052884615384615 0.03365384615384615 0.06009615384615385
0 0.5745192307692307 0.32572115384615385 0.15985576923076922 0.20793269230769232
0 0.8725961538461539 0.4375 0.21153846153846154 0.43028846153846156
0 0.9182692307692307 0.29927884615384615 0.028846153846153848 0.02283653846153846
0 0.9759615384615384 0.3918269230769231 0.04567307692307692 0.22956730769230768
0 0.9735576923076923 0.2800480769230769 0.030048076923076924 0.0673076923076923
1 0.49158653846153844 0.5913461538461539 0.9831730769230769 0.71875