0 0.328125 0.5204326923076923 0.055288461538461536 0.16947115384615385
0 0.4014423076923077 0.5216346153846154 0.057692307692307696 0.1658653846153846
0 0.47716346153846156 0.5420673076923077 0.055288461538461536 0.15384615384615385
0 0.5216346153846154 0.5288461538461539 0.06850961538461539 0.21394230769230768
0 0.6117788461538461 0.5204326923076923 0.052884615384615384 0.15504807692307693
1 0.29086538461538464 0.6742788461538461 0.5805288461538461 0.6502403846153846
1 0.2920673076923077 0.6742788461538461 0.5829326923076923 0.6502403846153846
1 0.11778846153846154 0.5096153846153846 0.019230769230769232 0.020432692307692308
1 0.11778846153846154 0.5084134615384616 0.018028846153846152 0.016826923076923076
1 0.8329326923076923 0.5360576923076923 0.18028846153846154 0.23197115384615385
1 0.8329326923076923 0.5348557692307693 0.1778846153846154 0.23557692307692307
1 0.9639423076923077 0.47836538461538464 0.06971153846153846 0.06370192307692307
1 0.9651442307692307 0.47716346153846156 0.06850961538461539 0.06610576923076923