1 0.5240384615384616 0.5480769230769231 0.9002403846153846 0.5132211538461539
0 0.015625 0.2932692307692308 0.030048076923076924 0.08173076923076923
0 0.009615384615384616 0.26322115384615385 0.013221153846153846 0.036057692307692304
0 0.03245192307692308 0.2800480769230769 0.020432692307692308 0.04326923076923077
0 0.109375 0.2439903846153846 0.02283653846153846 0.026442307692307692
0 0.20673076923076922 0.28846153846153844 0.054086538461538464 0.11899038461538461
0 0.2704326923076923 0.33533653846153844 0.051682692307692304 0.23076923076923078
0 0.31009615384615385 0.29927884615384615 0.027644230769230768 0.1466346153846154
0 0.3389423076923077 0.2956730769230769 0.03365384615384615 0.1346153846153846
0 0.5 0.25240384615384615 0.020432692307692308 0.0673076923076923
0 0.5949519230769231 0.24759615384615385 0.015625 0.04927884615384615
0 0.6598557692307693 0.25841346153846156 0.02283653846153846 0.04567307692307692
0 0.6826923076923077 0.2608173076923077 0.025240384615384616 0.06850961538461539
0 0.7944711538461539 0.2536057692307692 0.03125 0.057692307692307696
0 0.8245192307692307 0.25961538461538464 0.020432692307692308 0.038461538461538464
0 0.8461538461538461 0.2512019230769231 0.019230769230769232 0.051682692307692304
0 0.8641826923076923 0.25841346153846156 0.03485576923076923 0.08774038461538461
0 0.8954326923076923 0.2704326923076923 0.030048076923076924 0.0985576923076923
0 0.9375 0.2764423076923077 0.036057692307692304 0.12259615384615384
1 0.09615384615384616 0.4495192307692308 0.19110576923076922 0.234375
1 0.1045673076923077 0.30528846153846156 0.13581730769230768 0.12620192307692307
1 0.5084134615384616 0.34134615384615385 0.3581730769230769 0.15264423076923078
1 0.5745192307692307 0.2920673076923077 0.21153846153846154 0.040865384615384616
1 0.84375 0.3629807692307692 0.31009615384615385 0.17067307692307693
1 0.9447115384615384 0.296875 0.10697115384615384 0.0985576923076923