0 0.30528846153846156 0.6947115384615384 0.15625 0.3605769230769231
0 0.4807692307692308 0.7331730769230769 0.11658653846153846 0.1935096153846154
0 0.5697115384615384 0.6237980769230769 0.03125 0.13822115384615385
0 0.5985576923076923 0.625 0.03245192307692308 0.13221153846153846
0 0.640625 0.6947115384615384 0.07692307692307693 0.3485576923076923
0 0.7307692307692307 0.7536057692307693 0.11658653846153846 0.4026442307692308
0 0.7896634615384616 0.5949519230769231 0.02283653846153846 0.07932692307692307
0 0.875 0.5793269230769231 0.020432692307692308 0.026442307692307692
1 0.03365384615384615 0.5588942307692307 0.03125 0.03245192307692308
1 0.05889423076923077 0.5492788461538461 0.013221153846153846 0.03245192307692308
1 0.08533653846153846 0.5576923076923077 0.042067307692307696 0.037259615384615384
1 0.11177884615384616 0.5661057692307693 0.02283653846153846 0.042067307692307696
1 0.13942307692307693 0.5697115384615384 0.04326923076923077 0.054086538461538464
1 0.18269230769230768 0.5733173076923077 0.06490384615384616 0.055288461538461536
1 0.8774038461538461 0.65625 0.23197115384615385 0.12740384615384615