0 0.1346153846153846 0.5096153846153846 0.019230769230769232 0.08413461538461539
0 0.15144230769230768 0.5084134615384616 0.018028846153846152 0.07211538461538461
0 0.27283653846153844 0.5144230769230769 0.1310096153846154 0.40625
0 0.41947115384615385 0.5060096153846154 0.125 0.3858173076923077
0 0.4795673076923077 0.5120192307692307 0.03485576923076923 0.16947115384615385
0 0.5504807692307693 0.5012019230769231 0.02403846153846154 0.19951923076923078
0 0.5769230769230769 0.5216346153846154 0.013221153846153846 0.04447115384615385
0 0.6117788461538461 0.4951923076923077 0.036057692307692304 0.18509615384615385
0 0.6490384615384616 0.49278846153846156 0.04447115384615385 0.22235576923076922
0 0.7548076923076923 0.5252403846153846 0.015625 0.03245192307692308
0 0.7872596153846154 0.5288461538461539 0.021634615384615384 0.03485576923076923
0 0.8966346153846154 0.5336538461538461 0.01201923076923077 0.026442307692307692
0 0.9086538461538461 0.5324519230769231 0.01201923076923077 0.03485576923076923
0 0.9663461538461539 0.5084134615384616 0.020432692307692308 0.05048076923076923
1 0.06850961538461539 0.5144230769230769 0.13701923076923078 0.1466346153846154