0 0.421875 0.40384615384615385 0.3737980769230769 0.4519230769230769
1 0.7860576923076923 0.2536057692307692 0.15504807692307693 0.1045673076923077
0 0.11778846153846154 0.25 0.025240384615384616 0.12259615384615384
0 0.15144230769230768 0.27283653846153844 0.02403846153846154 0.11899038461538461
0 0.46274038461538464 0.2403846153846154 0.04326923076923077 0.08653846153846154
0 0.49399038461538464 0.23677884615384615 0.036057692307692304 0.09615384615384616
0 0.5637019230769231 0.27163461538461536 0.042067307692307696 0.20552884615384615
0 0.6165865384615384 0.2764423076923077 0.04447115384615385 0.20793269230769232
0 0.6766826923076923 0.2776442307692308 0.05889423076923077 0.19110576923076922
1 0.14302884615384615 0.26322115384615385 0.07451923076923077 0.10697115384615384
1 0.28365384615384615 0.2800480769230769 0.046875 0.054086538461538464
1 0.5360576923076923 0.24639423076923078 0.04807692307692308 0.07572115384615384
1 0.8978365384615384 0.2403846153846154 0.08052884615384616 0.11658653846153846
1 0.9627403846153846 0.24759615384615385 0.07211538461538461 0.12980769230769232