0 0.028846153846153848 0.7560096153846154 0.057692307692307696 0.07932692307692307
0 0.03125 0.9338942307692307 0.0625 0.12860576923076922
0 0.17668269230769232 0.8834134615384616 0.3137019230769231 0.22956730769230768
0 0.18269230769230768 0.7560096153846154 0.04326923076923077 0.046875
0 0.28725961538461536 0.8497596153846154 0.13701923076923078 0.14903846153846154
0 0.3173076923076923 0.7860576923076923 0.06610576923076923 0.08052884615384616
0 0.5552884615384616 0.71875 0.03485576923076923 0.0673076923076923
0 0.8557692307692307 0.7235576923076923 0.05889423076923077 0.08052884615384616
0 0.9074519230769231 0.703125 0.036057692307692304 0.06370192307692307
0 0.9483173076923077 0.6850961538461539 0.042067307692307696 0.02403846153846154
1 0.9302884615384616 0.7848557692307693 0.13701923076923078 0.18509615384615385