0 0.078125 0.46875 0.0889423076923077 0.3629807692307692
0 0.12259615384615384 0.4639423076923077 0.046875 0.2980769230769231
0 0.1502403846153846 0.4567307692307692 0.054086538461538464 0.2764423076923077
0 0.2091346153846154 0.45552884615384615 0.06850961538461539 0.25240384615384615
0 0.3161057692307692 0.4483173076923077 0.06370192307692307 0.19471153846153846
0 0.4050480769230769 0.36899038461538464 0.030048076923076924 0.07932692307692307
0 0.7175480769230769 0.39903846153846156 0.07211538461538461 0.17307692307692307
0 0.78125 0.44711538461538464 0.055288461538461536 0.21514423076923078
0 0.8112980769230769 0.42908653846153844 0.03365384615384615 0.21033653846153846
0 0.8413461538461539 0.4423076923076923 0.04326923076923077 0.24759615384615385
0 0.9038461538461539 0.42788461538461536 0.08052884615384616 0.30649038461538464
0 0.96875 0.4423076923076923 0.057692307692307696 0.3269230769230769
1 0.5444711538461539 0.5625 0.47596153846153844 0.5108173076923077