0 0.5408653846153846 0.5504807692307693 0.09615384615384616 0.40024038461538464
0 0.015625 0.5024038461538461 0.03125 0.3605769230769231
0 0.015625 0.46875 0.03125 0.10096153846153846
0 0.05889423076923077 0.4266826923076923 0.03245192307692308 0.12139423076923077
0 0.08413461538461539 0.5180288461538461 0.06370192307692307 0.3581730769230769
0 0.38341346153846156 0.47836538461538464 0.019230769230769232 0.0829326923076923
0 0.43990384615384615 0.5372596153846154 0.10216346153846154 0.44350961538461536
0 0.7367788461538461 0.4987980769230769 0.20552884615384615 0.3329326923076923
0 0.6766826923076923 0.4230769230769231 0.036057692307692304 0.10336538461538461
0 0.953125 0.3701923076923077 0.09134615384615384 0.15264423076923078
0 0.9699519230769231 0.4182692307692308 0.05889423076923077 0.23557692307692307
1 0.06610576923076923 0.9387019230769231 0.13221153846153846 0.11899038461538461
1 0.13341346153846154 0.4699519230769231 0.22355769230769232 0.1814903846153846
1 0.27163461538461536 0.4579326923076923 0.10336538461538461 0.15625
1 0.34615384615384615 0.4855769230769231 0.052884615384615384 0.09254807692307693
1 0.36658653846153844 0.4651442307692308 0.0673076923076923 0.07932692307692307
1 0.6766826923076923 0.7427884615384616 0.6454326923076923 0.5108173076923077
1 0.8100961538461539 0.44350961538461536 0.37740384615384615 0.44471153846153844