1 0.37740384615384615 0.6730769230769231 0.31009615384615385 0.2848557692307692
0 0.12860576923076922 0.8942307692307693 0.19951923076923078 0.2091346153846154
0 0.0985576923076923 0.5204326923076923 0.03245192307692308 0.07572115384615384
0 0.1201923076923077 0.5120192307692307 0.025240384615384616 0.07932692307692307
0 0.13341346153846154 0.5661057692307693 0.018028846153846152 0.0889423076923077
0 0.17067307692307693 0.5408653846153846 0.018028846153846152 0.12860576923076922
0 0.17908653846153846 0.5408653846153846 0.03125 0.13822115384615385
0 0.21394230769230768 0.5661057692307693 0.07091346153846154 0.09735576923076923
0 0.35096153846153844 0.8088942307692307 0.15985576923076922 0.3786057692307692
0 0.5576923076923077 0.47596153846153844 0.036057692307692304 0.06850961538461539
0 0.6129807692307693 0.5528846153846154 0.03365384615384615 0.09014423076923077
0 0.6081730769230769 0.5288461538461539 0.018028846153846152 0.038461538461538464
0 0.8016826923076923 0.7007211538461539 0.08052884615384616 0.09014423076923077
0 0.7980769230769231 0.6225961538461539 0.040865384615384616 0.10817307692307693
0 0.8497596153846154 0.5997596153846154 0.14423076923076922 0.24879807692307693
0 0.7992788461538461 0.5372596153846154 0.025240384615384616 0.09375
0 0.8774038461538461 0.5588942307692307 0.038461538461538464 0.13942307692307693
0 0.9639423076923077 0.5853365384615384 0.037259615384615384 0.140625
1 0.06610576923076923 0.6201923076923077 0.13221153846153846 0.25961538461538464
1 0.5625 0.5889423076923077 0.14182692307692307 0.1658653846153846
1 0.6430288461538461 0.5444711538461539 0.10336538461538461 0.109375
1 0.7115384615384616 0.5336538461538461 0.055288461538461536 0.08653846153846154
1 0.7572115384615384 0.5336538461538461 0.04447115384615385 0.0829326923076923