0 0.7668269230769231 0.8125 0.09375 0.14543269230769232
1 0.18870192307692307 0.8461538461538461 0.36177884615384615 0.18509615384615385
0 0.25841346153846156 0.2860576923076923 0.17668269230769232 0.36899038461538464
0 0.38461538461538464 0.2980769230769231 0.15865384615384615 0.34615384615384615
0 0.5120192307692307 0.28725961538461536 0.15504807692307693 0.40865384615384615
0 0.6430288461538461 0.28725961538461536 0.16105769230769232 0.40384615384615385
0 0.8305288461538461 0.28966346153846156 0.08653846153846154 0.16346153846153846
0 0.8509615384615384 0.8100961538461539 0.09254807692307693 0.1502403846153846
0 0.9483173076923077 0.28365384615384615 0.0889423076923077 0.15625
1 0.4050480769230769 0.8076923076923077 0.28725961538461536 0.11658653846153846
1 0.5552884615384616 0.7896634615384616 0.1346153846153846 0.07451923076923077
1 0.6201923076923077 0.7692307692307693 0.1141826923076923 0.06009615384615385
1 0.6995192307692307 0.7560096153846154 0.06129807692307692 0.03365384615384615