1 0.3112980769230769 0.875 0.18509615384615385 0.21875
0 0.027644230769230768 0.8581730769230769 0.055288461538461536 0.2800480769230769
0 0.027644230769230768 0.7019230769230769 0.036057692307692304 0.109375
0 0.040865384615384616 0.8209134615384616 0.040865384615384616 0.16346153846153846
0 0.1201923076923077 0.8233173076923077 0.038461538461538464 0.21514423076923078
0 0.15745192307692307 0.7860576923076923 0.018028846153846152 0.0985576923076923
0 0.17548076923076922 0.7800480769230769 0.020432692307692308 0.10576923076923077
0 0.1875 0.8052884615384616 0.021634615384615384 0.140625
0 0.21033653846153846 0.8052884615384616 0.030048076923076924 0.16826923076923078
0 0.23197115384615385 0.7920673076923077 0.015625 0.10817307692307693
0 0.24639423076923078 0.7860576923076923 0.026442307692307692 0.12379807692307693
0 0.3004807692307692 0.6262019230769231 0.04927884615384615 0.23317307692307693
0 0.328125 0.7415865384615384 0.016826923076923076 0.051682692307692304
0 0.3449519230769231 0.7127403846153846 0.020432692307692308 0.1201923076923077
0 0.3557692307692308 0.7512019230769231 0.010817307692307692 0.039663461538461536
0 0.3701923076923077 0.7548076923076923 0.01201923076923077 0.06610576923076923
0 0.3798076923076923 0.7752403846153846 0.018028846153846152 0.08173076923076923
0 0.43149038461538464 0.7391826923076923 0.007211538461538462 0.02403846153846154
0 0.47596153846153844 0.8377403846153846 0.046875 0.234375
0 0.46153846153846156 0.7391826923076923 0.007211538461538462 0.020432692307692308
0 0.4831730769230769 0.625 0.039663461538461536 0.21153846153846154
0 0.484375 0.7403846153846154 0.013221153846153846 0.03245192307692308
0 0.5492788461538461 0.7067307692307693 0.014423076923076924 0.0625
0 0.6586538461538461 0.8581730769230769 0.057692307692307696 0.28125
0 0.6670673076923077 0.37259615384615385 0.007211538461538462 0.02283653846153846
0 0.6670673076923077 0.4891826923076923 0.007211538461538462 0.020432692307692308
0 0.7115384615384616 0.8689903846153846 0.07932692307692307 0.25841346153846156
0 0.6838942307692307 0.4266826923076923 0.007211538461538462 0.019230769230769232
0 0.6838942307692307 0.4855769230769231 0.008413461538461538 0.015625
0 0.6850961538461539 0.6201923076923077 0.010817307692307692 0.02403846153846154
0 0.6971153846153846 0.3641826923076923 0.008413461538461538 0.020432692307692308
0 0.7007211538461539 0.4230769230769231 0.01201923076923077 0.02283653846153846
0 0.7007211538461539 0.484375 0.01201923076923077 0.02403846153846154
0 0.7127403846153846 0.48197115384615385 0.007211538461538462 0.019230769230769232
0 0.7175480769230769 0.36538461538461536 0.007211538461538462 0.02283653846153846
0 0.7259615384615384 0.4266826923076923 0.006009615384615385 0.019230769230769232
0 0.734375 0.48677884615384615 0.007211538461538462 0.019230769230769232
0 0.7908653846153846 0.8605769230769231 0.09014423076923077 0.27403846153846156
0 0.9302884615384616 0.7463942307692307 0.03365384615384615 0.055288461538461536
0 0.9591346153846154 0.7463942307692307 0.025240384615384616 0.0625
0 0.9831730769230769 0.7884615384615384 0.03125 0.14783653846153846
1 0.4543269230769231 0.8269230769230769 0.13221153846153846 0.15264423076923078
1 0.5396634615384616 0.8112980769230769 0.09134615384615384 0.15264423076923078
1 0.6766826923076923 0.8329326923076923 0.19591346153846154 0.24278846153846154
1 0.8617788461538461 0.8233173076923077 0.27524038461538464 0.234375