0 0.234375 0.7980769230769231 0.0985576923076923 0.3076923076923077
0 0.21514423076923078 0.6622596153846154 0.046875 0.109375
0 0.2704326923076923 0.7536057692307693 0.07091346153846154 0.171875
0 0.32091346153846156 0.7596153846153846 0.0733173076923077 0.18990384615384615
0 0.3954326923076923 0.6514423076923077 0.03365384615384615 0.038461538461538464
0 0.421875 0.6826923076923077 0.037259615384615384 0.12379807692307693
0 0.4423076923076923 0.6694711538461539 0.025240384615384616 0.07572115384615384
0 0.7524038461538461 0.6706730769230769 0.027644230769230768 0.11298076923076923
0 0.8317307692307693 0.6514423076923077 0.016826923076923076 0.05048076923076923
0 0.8461538461538461 0.6502403846153846 0.013221153846153846 0.078125
1 0.5973557692307693 0.7379807692307693 0.23677884615384615 0.24639423076923078