1 0.1045673076923077 0.609375 0.20673076923076922 0.28125
0 0.31490384615384615 0.6141826923076923 0.10817307692307693 0.375
0 0.3125 0.5240384615384616 0.08653846153846154 0.20673076923076922
0 0.6310096153846154 0.6658653846153846 0.22596153846153846 0.6658653846153846
1 0.22956730769230768 0.5276442307692307 0.0829326923076923 0.09615384615384616
1 0.31009615384615385 0.5528846153846154 0.14302884615384615 0.16105769230769232
1 0.4110576923076923 0.4963942307692308 0.06971153846153846 0.06850961538461539
1 0.45552884615384615 0.5276442307692307 0.08173076923076923 0.10697115384615384
1 0.7668269230769231 0.5216346153846154 0.028846153846153848 0.07211538461538461
1 0.765625 0.4699519230769231 0.019230769230769232 0.014423076923076924
1 0.8040865384615384 0.48197115384615385 0.036057692307692304 0.04326923076923077
1 0.8449519230769231 0.5096153846153846 0.04567307692307692 0.0625