1 0.2956730769230769 0.5324519230769231 0.24519230769230768 0.24879807692307693
0 0.03125 0.5012019230769231 0.04927884615384615 0.0985576923076923
0 0.09134615384615384 0.5973557692307693 0.09134615384615384 0.140625
0 0.08173076923076923 0.5576923076923077 0.06009615384615385 0.0889423076923077
0 0.27163461538461536 0.390625 0.06610576923076923 0.08533653846153846
0 0.35697115384615385 0.6959134615384616 0.09134615384615384 0.15264423076923078
0 0.5348557692307693 0.546875 0.055288461538461536 0.1658653846153846
0 0.6418269230769231 0.6790865384615384 0.08052884615384616 0.16105769230769232
0 0.6346153846153846 0.5324519230769231 0.04927884615384615 0.0625
0 0.8557692307692307 0.75 0.23197115384615385 0.4951923076923077
1 0.11658653846153846 0.5024038461538461 0.054086538461538464 0.13942307692307693
1 0.17908653846153846 0.5060096153846154 0.11177884615384616 0.17548076923076922