0 0.09134615384615384 0.23677884615384615 0.05889423076923077 0.15144230769230768
0 0.16346153846153846 0.18629807692307693 0.06850961538461539 0.16826923076923078
0 0.24278846153846154 0.20793269230769232 0.038461538461538464 0.15384615384615385
0 0.3449519230769231 0.1875 0.03125 0.0733173076923077
0 0.40024038461538464 0.21754807692307693 0.06009615384615385 0.15504807692307693
1 0.036057692307692304 0.22115384615384615 0.07091346153846154 0.09735576923076923
1 0.11057692307692307 0.22235576923076922 0.11057692307692307 0.15985576923076922
1 0.5108173076923077 0.5012019230769231 0.9110576923076923 0.6430288461538461
1 0.609375 0.23918269230769232 0.14302884615384615 0.14543269230769232
1 0.7596153846153846 0.2512019230769231 0.18509615384615385 0.08052884615384616
1 0.8413461538461539 0.3629807692307692 0.3161057692307692 0.30649038461538464