1 0.48677884615384615 0.6177884615384616 0.24158653846153846 0.33774038461538464
0 0.21754807692307693 0.7415865384615384 0.15865384615384615 0.40384615384615385
0 0.18990384615384615 0.4795673076923077 0.03245192307692308 0.06129807692307692
0 0.2247596153846154 0.4795673076923077 0.019230769230769232 0.042067307692307696
0 0.22596153846153846 0.5072115384615384 0.018028846153846152 0.07692307692307693
0 0.36899038461538464 0.4891826923076923 0.014423076923076924 0.06009615384615385
0 0.3858173076923077 0.4807692307692308 0.010817307692307692 0.06490384615384616
0 0.3918269230769231 0.484375 0.013221153846153846 0.06370192307692307
0 0.40865384615384615 0.4795673076923077 0.015625 0.06610576923076923
0 0.6790865384615384 0.484375 0.009615384615384616 0.06009615384615385
0 0.8076923076923077 0.6526442307692307 0.23918269230769232 0.6923076923076923
0 0.6995192307692307 0.484375 0.013221153846153846 0.06490384615384616
0 0.7151442307692307 0.4795673076923077 0.027644230769230768 0.0733173076923077
1 0.16706730769230768 0.53125 0.13701923076923078 0.11778846153846154