1 0.3125 0.8377403846153846 0.4423076923076923 0.3004807692307692
0 0.054086538461538464 0.6923076923076923 0.03125 0.1045673076923077
0 0.08413461538461539 0.6899038461538461 0.03365384615384615 0.0829326923076923
0 0.140625 0.7211538461538461 0.046875 0.12139423076923077
0 0.13822115384615385 0.6634615384615384 0.027644230769230768 0.056490384615384616
0 0.1875 0.6947115384615384 0.055288461538461536 0.1346153846153846
0 0.21394230769230768 0.6610576923076923 0.038461538461538464 0.07211538461538461
0 0.24519230769230768 0.4891826923076923 0.09134615384615384 0.1935096153846154
0 0.4855769230769231 0.7127403846153846 0.04927884615384615 0.11538461538461539
0 0.5084134615384616 0.7776442307692307 0.046875 0.23197115384615385
0 0.546875 0.765625 0.06490384615384616 0.25
0 0.609375 0.8004807692307693 0.06490384615384616 0.171875
0 0.7548076923076923 0.8365384615384616 0.07572115384615384 0.3245192307692308
0 0.8149038461538461 0.7956730769230769 0.07451923076923077 0.25240384615384615
0 0.921875 0.6875 0.038461538461538464 0.12259615384615384