0 0.8473557692307693 0.11899038461538461 0.12980769230769232 0.17668269230769232
0 0.06009615384615385 0.2127403846153846 0.025240384615384616 0.04447115384615385
0 0.23918269230769232 0.23677884615384615 0.13221153846153846 0.3016826923076923
0 0.49759615384615385 0.22956730769230768 0.05889423076923077 0.08052884615384616
0 0.65625 0.22355769230769232 0.030048076923076924 0.04447115384615385
0 0.8774038461538461 0.28125 0.09134615384615384 0.18269230769230768
1 0.20192307692307693 0.32211538461538464 0.40384615384615385 0.42788461538461536
1 0.4879807692307692 0.5444711538461539 0.9038461538461539 0.7403846153846154
1 0.46153846153846156 0.171875 0.2620192307692308 0.18269230769230768
1 0.6766826923076923 0.18389423076923078 0.31009615384615385 0.1466346153846154
1 0.9459134615384616 0.24759615384615385 0.10576923076923077 0.24158653846153846