0 0.41586538461538464 0.20793269230769232 0.109375 0.32211538461538464
1 0.5036057692307693 0.5877403846153846 0.9278846153846154 0.609375
0 0.04447115384615385 0.19230769230769232 0.0889423076923077 0.38461538461538464
0 0.1201923076923077 0.3137019230769231 0.06971153846153846 0.4026442307692308
0 0.1622596153846154 0.2512019230769231 0.04927884615384615 0.4411057692307692
0 0.2283653846153846 0.25721153846153844 0.0889423076923077 0.3713942307692308
0 0.24759615384615385 0.04807692307692308 0.042067307692307696 0.09495192307692307
0 0.3004807692307692 0.20552884615384615 0.14423076923076922 0.4050480769230769
0 0.515625 0.18028846153846154 0.12379807692307693 0.359375
1 0.03245192307692308 0.38341346153846156 0.06490384615384616 0.25721153846153844
1 0.7548076923076923 0.8305288461538461 0.48677884615384615 0.33653846153846156
1 0.6274038461538461 0.010817307692307692 0.04326923076923077 0.021634615384615384
1 0.9134615384615384 0.03125 0.17067307692307693 0.0625