0 0.037259615384615384 0.5384615384615384 0.056490384615384616 0.24278846153846154
0 0.109375 0.5120192307692307 0.04567307692307692 0.20072115384615385
0 0.12980769230769232 0.5096153846153846 0.016826923076923076 0.17908653846153846
0 0.24158653846153846 0.47836538461538464 0.021634615384615384 0.11177884615384616
0 0.24519230769230768 0.4675480769230769 0.018028846153846152 0.10697115384615384
0 0.2608173076923077 0.4807692307692308 0.020432692307692308 0.06610576923076923
0 0.27884615384615385 0.4891826923076923 0.025240384615384616 0.036057692307692304
0 0.3004807692307692 0.46634615384615385 0.01201923076923077 0.042067307692307696
0 0.3233173076923077 0.4579326923076923 0.008413461538461538 0.019230769230769232
0 0.328125 0.47475961538461536 0.010817307692307692 0.03125
0 0.4411057692307692 0.47115384615384615 0.001201923076923077 0.013221153846153846
0 0.4483173076923077 0.47836538461538464 0.006009615384615385 0.025240384615384616
0 0.4567307692307692 0.4735576923076923 0.007211538461538462 0.027644230769230768
0 0.7007211538461539 0.5444711538461539 0.03365384615384615 0.15264423076923078
0 0.734375 0.5528846153846154 0.028846153846153848 0.14302884615384615
1 0.41947115384615385 0.4651442307692308 0.04447115384615385 0.06971153846153846
1 0.47836538461538464 0.47475961538461536 0.036057692307692304 0.040865384615384616