0 0.0985576923076923 0.2548076923076923 0.12740384615384615 0.5096153846153846
1 0.5324519230769231 0.5216346153846154 0.6466346153846154 0.6538461538461539
0 0.3088942307692308 0.09254807692307693 0.06370192307692307 0.18509615384615385
0 0.4735576923076923 0.16346153846153846 0.11057692307692307 0.19110576923076922
0 0.5709134615384616 0.12620192307692307 0.06490384615384616 0.16466346153846154
0 0.71875 0.1814903846153846 0.11658653846153846 0.3629807692307692
0 0.7740384615384616 0.1875 0.07451923076923077 0.375
0 0.8617788461538461 0.04326923076923077 0.03485576923076923 0.08653846153846154
0 0.9242788461538461 0.24519230769230768 0.10336538461538461 0.49038461538461536
1 0.29447115384615385 0.06129807692307692 0.125 0.1141826923076923
1 0.4951923076923077 0.06129807692307692 0.15625 0.10697115384615384
1 0.65625 0.06610576923076923 0.1141826923076923 0.09975961538461539
1 0.8846153846153846 0.23076923076923078 0.22956730769230768 0.22956730769230768
1 0.9002403846153846 0.09375 0.1971153846153846 0.1310096153846154