0 0.17548076923076922 0.328125 0.10576923076923077 0.25
0 0.109375 0.5084134615384616 0.13822115384615385 0.2668269230769231
0 0.45552884615384615 0.3317307692307692 0.31490384615384615 0.23197115384615385
0 0.4483173076923077 0.46634615384615385 0.054086538461538464 0.05889423076923077
0 0.7079326923076923 0.5372596153846154 0.03365384615384615 0.039663461538461536
0 0.7848557692307693 0.5528846153846154 0.013221153846153846 0.016826923076923076
0 0.8329326923076923 0.2920673076923077 0.07091346153846154 0.125
0 0.8617788461538461 0.4026442307692308 0.038461538461538464 0.07211538461538461
1 0.22596153846153846 0.5036057692307693 0.06370192307692307 0.030048076923076924
1 0.39903846153846156 0.5348557692307693 0.3245192307692308 0.23076923076923078
1 0.6947115384615384 0.8653846153846154 0.33533653846153844 0.19230769230769232