0 0.19591346153846154 0.3545673076923077 0.02403846153846154 0.078125
0 0.4795673076923077 0.4495192307692308 0.08052884615384616 0.09375
0 0.6189903846153846 0.3701923076923077 0.04447115384615385 0.13341346153846154
0 0.6646634615384616 0.34975961538461536 0.028846153846153848 0.08774038461538461
0 0.6814903846153846 0.35336538461538464 0.05048076923076923 0.08533653846153846
0 0.8557692307692307 0.41947115384615385 0.06129807692307692 0.20432692307692307
0 0.9038461538461539 0.42788461538461536 0.040865384615384616 0.1971153846153846
1 0.11177884615384616 0.4170673076923077 0.22355769230769232 0.1658653846153846
1 0.44471153846153844 0.5973557692307693 0.8305288461538461 0.4639423076923077
1 0.20793269230769232 0.3737980769230769 0.07932692307692307 0.042067307692307696
1 0.22956730769230768 0.3894230769230769 0.046875 0.039663461538461536
1 0.953125 0.7307692307692307 0.09254807692307693 0.3245192307692308
1 0.984375 0.4098557692307692 0.028846153846153848 0.13341346153846154