0 0.7439903846153846 0.5384615384615384 0.23798076923076922 0.9194711538461539
1 0.5612980769230769 0.578125 0.6983173076923077 0.7920673076923077
0 0.02403846153846154 0.16105769230769232 0.010817307692307692 0.025240384615384616
0 0.12259615384615384 0.18629807692307693 0.021634615384615384 0.09254807692307693
0 0.31971153846153844 0.7632211538461539 0.07211538461538461 0.046875
0 0.3701923076923077 0.6778846153846154 0.038461538461538464 0.07692307692307693
0 0.5048076923076923 0.7355769230769231 0.13221153846153846 0.19471153846153846
0 0.4951923076923077 0.3245192307692308 0.08653846153846154 0.3798076923076923
0 0.5336538461538461 0.8665865384615384 0.027644230769230768 0.10096153846153846
0 0.5793269230769231 0.8545673076923077 0.028846153846153848 0.11658653846153846
1 0.04447115384615385 0.2127403846153846 0.08774038461538461 0.08413461538461539
1 0.09254807692307693 0.20552884615384615 0.04447115384615385 0.0673076923076923
1 0.12139423076923077 0.19230769230769232 0.036057692307692304 0.039663461538461536
1 0.13822115384615385 0.16466346153846154 0.025240384615384616 0.028846153846153848
1 0.15985576923076922 0.20552884615384615 0.06490384615384616 0.06370192307692307
1 0.18509615384615385 0.13942307692307693 0.018028846153846152 0.020432692307692308
1 0.19831730769230768 0.17548076923076922 0.030048076923076924 0.039663461538461536
1 0.1971153846153846 0.13341346153846154 0.009615384615384616 0.013221153846153846
1 0.21995192307692307 0.15865384615384615 0.028846153846153848 0.03485576923076923
1 0.23798076923076922 0.1466346153846154 0.028846153846153848 0.027644230769230768
1 0.23677884615384615 0.12620192307692307 0.008413461538461538 0.014423076923076924
1 0.2764423076923077 0.19230769230769232 0.08533653846153846 0.051682692307692304
1 0.25 0.13701923076923078 0.008413461538461538 0.015625
1 0.27524038461538464 0.15384615384615385 0.021634615384615384 0.03245192307692308
1 0.27163461538461536 0.12980769230769232 0.008413461538461538 0.007211538461538462
1 0.27884615384615385 0.12259615384615384 0.007211538461538462 0.013221153846153846
1 0.28725961538461536 0.14543269230769232 0.018028846153846152 0.02403846153846154
1 0.2980769230769231 0.140625 0.013221153846153846 0.018028846153846152
1 0.3137019230769231 0.16105769230769232 0.018028846153846152 0.025240384615384616
1 0.32572115384615385 0.1622596153846154 0.014423076923076924 0.021634615384615384
1 0.42908653846153844 0.30408653846153844 0.22115384615384615 0.23197115384615385
1 0.34975961538461536 0.20432692307692307 0.055288461538461536 0.0673076923076923
1 0.3425480769230769 0.16466346153846154 0.026442307692307692 0.028846153846153848
1 0.5408653846153846 0.24639423076923078 0.17427884615384615 0.2283653846153846
1 0.6225961538461539 0.20793269230769232 0.08653846153846154 0.05048076923076923
1 0.8125 0.33774038461538464 0.37259615384615385 0.25841346153846156