0 0.9567307692307693 0.4855769230769231 0.06850961538461539 0.28365384615384615
0 0.010817307692307692 0.4567307692307692 0.020432692307692308 0.2536057692307692
0 0.04326923076923077 0.4519230769230769 0.052884615384615384 0.27283653846153844
0 0.15865384615384615 0.44350961538461536 0.052884615384615384 0.20673076923076922
0 0.2536057692307692 0.45072115384615385 0.046875 0.20552884615384615
0 0.28125 0.4206730769230769 0.02403846153846154 0.15384615384615385
0 0.31009615384615385 0.4254807692307692 0.038461538461538464 0.1935096153846154
0 0.3245192307692308 0.37740384615384615 0.021634615384615384 0.078125
0 0.9627403846153846 0.8449519230769231 0.07211538461538461 0.3076923076923077
1 0.5480769230769231 0.48677884615384615 0.25600961538461536 0.23918269230769232
1 0.6682692307692307 0.4182692307692308 0.055288461538461536 0.08653846153846154
1 0.7548076923076923 0.4375 0.0985576923076923 0.10216346153846154