1 0.14783653846153846 0.5925480769230769 0.28846153846153844 0.33413461538461536
0 0.046875 0.4423076923076923 0.06490384615384616 0.16706730769230768
0 0.18990384615384615 0.4735576923076923 0.040865384615384616 0.11899038461538461
0 0.21754807692307693 0.4855769230769231 0.04567307692307692 0.13701923076923078
0 0.5036057692307693 0.4831730769230769 0.055288461538461536 0.13942307692307693
0 0.5348557692307693 0.5456730769230769 0.06971153846153846 0.3112980769230769
0 0.5733173076923077 0.5997596153846154 0.07572115384615384 0.35096153846153844
0 0.6141826923076923 0.5324519230769231 0.042067307692307696 0.2704326923076923
0 0.6658653846153846 0.5588942307692307 0.07572115384615384 0.2956730769230769
0 0.7103365384615384 0.5733173076923077 0.08533653846153846 0.3125
1 0.4987980769230769 0.4987980769230769 0.9975961538461539 0.9975961538461539
1 0.18269230769230768 0.8605769230769231 0.35096153846153844 0.27524038461538464