0 0.0733173076923077 0.47716346153846156 0.1466346153846154 0.5108173076923077
0 0.16346153846153846 0.35096153846153844 0.15504807692307693 0.296875
0 0.33413461538461536 0.3112980769230769 0.06009615384615385 0.13822115384615385
0 0.3317307692307692 0.24278846153846154 0.038461538461538464 0.05889423076923077
0 0.41346153846153844 0.23918269230769232 0.02403846153846154 0.06009615384615385
0 0.45072115384615385 0.2764423076923077 0.03125 0.04807692307692308
0 0.5012019230769231 0.25961538461538464 0.013221153846153846 0.038461538461538464
0 0.84375 0.2824519230769231 0.06129807692307692 0.18509615384615385
0 0.8774038461538461 0.3125 0.06009615384615385 0.24519230769230768
0 0.9230769230769231 0.2932692307692308 0.040865384615384616 0.23918269230769232
1 0.24879807692307693 0.4855769230769231 0.46634615384615385 0.4543269230769231
1 0.4963942307692308 0.5769230769230769 0.7632211538461539 0.6153846153846154