0 0.7415865384615384 0.6225961538461539 0.11538461538461539 0.32211538461538464
1 0.055288461538461536 0.5637019230769231 0.109375 0.1310096153846154
0 0.12980769230769232 0.5360576923076923 0.026442307692307692 0.10817307692307693
0 0.1502403846153846 0.5216346153846154 0.015625 0.07211538461538461
0 0.16706730769230768 0.5360576923076923 0.03365384615384615 0.08653846153846154
0 0.2091346153846154 0.5408653846153846 0.027644230769230768 0.08173076923076923
0 0.39302884615384615 0.5625 0.04447115384615385 0.16947115384615385
0 0.5480769230769231 0.5685096153846154 0.018028846153846152 0.13581730769230768
1 0.026442307692307692 0.5144230769230769 0.042067307692307696 0.04326923076923077
1 0.054086538461538464 0.5096153846153846 0.007211538461538462 0.02403846153846154
1 0.09375 0.5336538461538461 0.04567307692307692 0.052884615384615384
1 0.49399038461538464 0.5697115384615384 0.17908653846153846 0.10697115384615384