0 0.7740384615384616 0.6117788461538461 0.17427884615384615 0.6225961538461539
0 0.054086538461538464 0.6899038461538461 0.10697115384615384 0.6165865384615384
0 0.06850961538461539 0.5012019230769231 0.13701923076923078 0.4050480769230769
0 0.1875 0.4795673076923077 0.12740384615384615 0.3629807692307692
0 0.4795673076923077 0.5264423076923077 0.16105769230769232 0.421875
0 0.5697115384615384 0.4050480769230769 0.054086538461538464 0.23197115384615385
0 0.6478365384615384 0.3713942307692308 0.0673076923076923 0.1935096153846154
0 0.8653846153846154 0.3389423076923077 0.038461538461538464 0.057692307692307696
0 0.921875 0.33774038461538464 0.03485576923076923 0.07932692307692307
0 0.9615384615384616 0.3317307692307692 0.02403846153846154 0.057692307692307696
1 0.15264423076923078 0.375 0.028846153846153848 0.018028846153846152
1 0.2283653846153846 0.375 0.013221153846153846 0.013221153846153846
1 0.23677884615384615 0.36538461538461536 0.025240384615384616 0.019230769230769232
1 0.38822115384615385 0.3401442307692308 0.02403846153846154 0.010817307692307692
1 0.40865384615384615 0.3545673076923077 0.02283653846153846 0.013221153846153846
1 0.41225961538461536 0.3581730769230769 0.020432692307692308 0.014423076923076924
1 0.4254807692307692 0.34375 0.016826923076923076 0.015625
1 0.4411057692307692 0.3557692307692308 0.03245192307692308 0.020432692307692308
1 0.6862980769230769 0.3449519230769231 0.030048076923076924 0.020432692307692308