0 0.24759615384615385 0.6129807692307693 0.08413461538461539 0.3269230769230769
0 0.3485576923076923 0.6310096153846154 0.11177884615384616 0.3485576923076923
0 0.5516826923076923 0.5132211538461539 0.02283653846153846 0.0625
0 0.5757211538461539 0.5144230769230769 0.019230769230769232 0.08774038461538461
1 0.15384615384615385 0.5360576923076923 0.1466346153846154 0.14783653846153846
1 0.29086538461538464 0.5252403846153846 0.06610576923076923 0.11658653846153846
1 0.34975961538461536 0.5192307692307693 0.14182692307692307 0.13221153846153846
1 0.39783653846153844 0.5420673076923077 0.05889423076923077 0.08653846153846154
1 0.4675480769230769 0.5252403846153846 0.0673076923076923 0.078125
1 0.4891826923076923 0.5072115384615384 0.04927884615384615 0.054086538461538464
1 0.7740384615384616 0.5168269230769231 0.12259615384615384 0.09375
1 0.78125 0.5925480769230769 0.11177884615384616 0.13581730769230768
1 0.9170673076923077 0.703125 0.16346153846153846 0.3485576923076923