0 0.27283653846153844 0.10697115384615384 0.09134615384615384 0.11778846153846154
1 0.5 0.4987980769230769 0.890625 0.859375
0 0.3449519230769231 0.09014423076923077 0.06009615384615385 0.18028846153846154
0 0.3798076923076923 0.042067307692307696 0.040865384615384616 0.08413461538461539
0 0.6117788461538461 0.0673076923076923 0.015625 0.040865384615384616
0 0.6586538461538461 0.0625 0.015625 0.09375
0 0.6911057692307693 0.09975961538461539 0.055288461538461536 0.19951923076923078
0 0.7415865384615384 0.13221153846153846 0.07451923076923077 0.26322115384615385
0 0.796875 0.17548076923076922 0.054086538461538464 0.125
0 0.7932692307692307 0.08413461538461539 0.03125 0.16826923076923078
0 0.8161057692307693 0.08173076923076923 0.028846153846153848 0.07692307692307693
0 0.9206730769230769 0.21033653846153846 0.0889423076923077 0.11778846153846154
1 0.07572115384615384 0.2980769230769231 0.1502403846153846 0.3173076923076923
1 0.17307692307692307 0.15264423076923078 0.21754807692307693 0.21875
1 0.5168269230769231 0.04447115384615385 0.15985576923076922 0.0889423076923077
1 0.9254807692307693 0.18028846153846154 0.14783653846153846 0.27524038461538464