0 0.9302884615384616 0.5336538461538461 0.09134615384615384 0.2776442307692308
0 0.07091346153846154 0.49158653846153844 0.038461538461538464 0.11298076923076923
0 0.10336538461538461 0.4855769230769231 0.02283653846153846 0.07932692307692307
0 0.140625 0.4831730769230769 0.02403846153846154 0.07451923076923077
0 0.7043269230769231 0.4807692307692308 0.025240384615384616 0.06009615384615385
0 0.7307692307692307 0.484375 0.027644230769230768 0.08533653846153846
0 0.8040865384615384 0.4891826923076923 0.036057692307692304 0.1346153846153846
1 0.18629807692307693 0.5240384615384616 0.11057692307692307 0.11778846153846154
1 0.31009615384615385 0.5192307692307693 0.19110576923076922 0.19591346153846154
1 0.5192307692307693 0.46875 0.06129807692307692 0.04447115384615385
1 0.5853365384615384 0.46875 0.03365384615384615 0.03485576923076923
1 0.65625 0.46634615384615385 0.055288461538461536 0.037259615384615384