0 0.9326923076923077 0.25240384615384615 0.10096153846153846 0.27524038461538464
1 0.43509615384615385 0.44711538461538464 0.8701923076923077 0.7067307692307693
0 0.12980769230769232 0.13822115384615385 0.13942307692307693 0.21634615384615385
0 0.0889423076923077 0.1466346153846154 0.025240384615384616 0.04447115384615385
0 0.22115384615384615 0.17427884615384615 0.010817307692307692 0.021634615384615384
0 0.33052884615384615 0.16826923076923078 0.039663461538461536 0.06490384615384616
0 0.36778846153846156 0.17908653846153846 0.036057692307692304 0.057692307692307696
0 0.43990384615384615 0.17067307692307693 0.05048076923076923 0.09254807692307693
0 0.47115384615384615 0.17427884615384615 0.040865384615384616 0.08533653846153846
0 0.5336538461538461 0.171875 0.0673076923076923 0.0733173076923077
0 0.7163461538461539 0.20192307692307693 0.03365384615384615 0.040865384615384616
0 0.7872596153846154 0.18389423076923078 0.04326923076923077 0.12740384615384615
0 0.8125 0.1045673076923077 0.038461538461538464 0.036057692307692304
0 0.8413461538461539 0.2403846153846154 0.08774038461538461 0.3737980769230769
0 0.953125 0.2920673076923077 0.04927884615384615 0.13942307692307693
1 0.15985576923076922 0.15504807692307693 0.31971153846153844 0.1935096153846154
1 0.8954326923076923 0.6298076923076923 0.20793269230769232 0.5661057692307693