0 0.23918269230769232 0.9026442307692307 0.042067307692307696 0.09615384615384616
0 0.2956730769230769 0.8954326923076923 0.0625 0.1045673076923077
0 0.3473557692307692 0.875 0.03125 0.078125
0 0.38100961538461536 0.8461538461538461 0.018028846153846152 0.03365384615384615
0 0.8004807692307693 0.9122596153846154 0.040865384615384616 0.1045673076923077
0 0.8341346153846154 0.9170673076923077 0.03365384615384615 0.06370192307692307
0 0.8557692307692307 0.9110576923076923 0.021634615384615384 0.057692307692307696
0 0.8786057692307693 0.9002403846153846 0.021634615384615384 0.08173076923076923
1 0.16706730769230768 0.9278846153846154 0.33413461538461536 0.14182692307692307
1 0.5252403846153846 0.9098557692307693 0.5264423076923077 0.1778846153846154
1 0.8413461538461539 0.9086538461538461 0.31490384615384615 0.1814903846153846