1 0.8930288461538461 0.4326923076923077 0.203125 0.21754807692307693
0 0.42788461538461536 0.3798076923076923 0.03485576923076923 0.051682692307692304
0 0.5817307692307693 0.3798076923076923 0.015625 0.039663461538461536
0 0.6141826923076923 0.37740384615384615 0.025240384615384616 0.046875
0 0.6262019230769231 0.38822115384615385 0.013221153846153846 0.055288461538461536
0 0.6478365384615384 0.38822115384615385 0.03125 0.06129807692307692
1 0.359375 0.38461538461538464 0.14423076923076922 0.057692307692307696
1 0.5036057692307693 0.3786057692307692 0.12980769230769232 0.038461538461538464
1 0.6442307692307693 0.390625 0.12259615384615384 0.054086538461538464
1 0.7139423076923077 0.38221153846153844 0.054086538461538464 0.0625
1 0.7944711538461539 0.38822115384615385 0.07091346153846154 0.05048076923076923
1 0.8497596153846154 0.3870192307692308 0.07451923076923077 0.038461538461538464