1 0.65625 0.7007211538461539 0.31490384615384615 0.28725961538461536
0 0.015625 0.5 0.015625 0.0625
0 0.03365384615384615 0.5108173076923077 0.018028846153846152 0.08533653846153846
0 0.05048076923076923 0.5588942307692307 0.03485576923076923 0.17307692307692307
0 0.0733173076923077 0.49759615384615385 0.008413461538461538 0.03485576923076923
0 0.09254807692307693 0.5024038461538461 0.015625 0.051682692307692304
0 0.10096153846153846 0.5637019230769231 0.03125 0.15504807692307693
0 0.125 0.5913461538461539 0.046875 0.1971153846153846
0 0.13581730769230768 0.5036057692307693 0.018028846153846152 0.046875
0 0.15865384615384615 0.5084134615384616 0.02403846153846154 0.0625
0 0.16346153846153846 0.5144230769230769 0.026442307692307692 0.052884615384615384
0 0.17668269230769232 0.5865384615384616 0.04927884615384615 0.17908653846153846
0 0.20552884615384615 0.5685096153846154 0.03125 0.15504807692307693
0 0.22115384615384615 0.5576923076923077 0.025240384615384616 0.15384615384615385
0 0.2548076923076923 0.5805288461538461 0.04567307692307692 0.18028846153846154
0 0.2956730769230769 0.5877403846153846 0.03485576923076923 0.1658653846153846
0 0.34375 0.5829326923076923 0.03365384615384615 0.17427884615384615
0 0.38221153846153844 0.6057692307692307 0.046875 0.18269230769230768
0 0.4326923076923077 0.578125 0.038461538461538464 0.15985576923076922
0 0.46274038461538464 0.6021634615384616 0.04447115384615385 0.17307692307692307
0 0.4951923076923077 0.5817307692307693 0.028846153846153848 0.16105769230769232
0 0.5120192307692307 0.5757211538461539 0.03485576923076923 0.13581730769230768
0 0.5336538461538461 0.5516826923076923 0.027644230769230768 0.09615384615384616
0 0.5588942307692307 0.5480769230769231 0.036057692307692304 0.06009615384615385
0 0.5793269230769231 0.5360576923076923 0.025240384615384616 0.06610576923076923
0 0.5925480769230769 0.5252403846153846 0.014423076923076924 0.03365384615384615
0 0.7259615384615384 0.5721153846153846 0.04927884615384615 0.10336538461538461
0 0.7704326923076923 0.5817307692307693 0.030048076923076924 0.1201923076923077