0 0.48677884615384615 0.5444711538461539 0.11538461538461539 0.5108173076923077
1 0.15985576923076922 0.5600961538461539 0.1935096153846154 0.23677884615384615
0 0.12980769230769232 0.5012019230769231 0.04567307692307692 0.04447115384615385
0 0.25600961538461536 0.5216346153846154 0.03245192307692308 0.11177884615384616
0 0.2800480769230769 0.5060096153846154 0.019230769230769232 0.10817307692307693
0 0.3701923076923077 0.46153846153846156 0.008413461538461538 0.03365384615384615
0 0.38100961538461536 0.46274038461538464 0.01201923076923077 0.04807692307692308
0 0.390625 0.46153846153846156 0.010817307692307692 0.02403846153846154
1 0.18509615384615385 0.43509615384615385 0.056490384615384616 0.042067307692307696
1 0.4074519230769231 0.484375 0.04326923076923077 0.054086538461538464
1 0.4326923076923077 0.47115384615384615 0.014423076923076924 0.054086538461538464
1 0.5252403846153846 0.4807692307692308 0.016826923076923076 0.03485576923076923