0 0.002403846153846154 0.6334134615384616 0.003605769230769231 0.040865384615384616
0 0.013221153846153846 0.6382211538461539 0.007211538461538462 0.04927884615384615
0 0.10216346153846154 0.640625 0.03245192307692308 0.0985576923076923
0 0.15625 0.6310096153846154 0.0673076923076923 0.11899038461538461
0 0.21754807692307693 0.6454326923076923 0.02283653846153846 0.078125
0 0.26322115384615385 0.6418269230769231 0.06009615384615385 0.11899038461538461
0 0.24278846153846154 0.6129807692307693 0.01201923076923077 0.028846153846153848
0 0.3016826923076923 0.6466346153846154 0.042067307692307696 0.1201923076923077
0 0.33413461538461536 0.6742788461538461 0.03485576923076923 0.12259615384615384
0 0.37259615384615385 0.6983173076923077 0.06490384615384616 0.18509615384615385
0 0.4050480769230769 0.6466346153846154 0.026442307692307692 0.11177884615384616
0 0.4182692307692308 0.703125 0.04326923076923077 0.2091346153846154
0 0.4639423076923077 0.6550480769230769 0.026442307692307692 0.12740384615384615
0 0.5384615384615384 0.7139423076923077 0.09735576923076923 0.25600961538461536
0 0.5108173076923077 0.6177884615384616 0.013221153846153846 0.04447115384615385
0 0.5516826923076923 0.6995192307692307 0.038461538461538464 0.19831730769230768
0 0.5925480769230769 0.7331730769230769 0.07692307692307693 0.34375
0 0.6201923076923077 0.6418269230769231 0.026442307692307692 0.08413461538461539
0 0.671875 0.7223557692307693 0.11057692307692307 0.29447115384615385
0 0.6850961538461539 0.6838942307692307 0.08774038461538461 0.28125
0 0.7524038461538461 0.6382211538461539 0.007211538461538462 0.056490384615384616
0 0.765625 0.6346153846153846 0.013221153846153846 0.04326923076923077
0 0.828125 0.7091346153846154 0.10096153846153846 0.3125
0 0.8497596153846154 0.6971153846153846 0.0673076923076923 0.3076923076923077
0 0.8725961538461539 0.6430288461538461 0.007211538461538462 0.0889423076923077
0 0.9038461538461539 0.6286057692307693 0.025240384615384616 0.05889423076923077
0 0.9206730769230769 0.6069711538461539 0.013221153846153846 0.03245192307692308
0 0.9579326923076923 0.7103365384615384 0.0829326923076923 0.3004807692307692
1 0.22355769230769232 0.8449519230769231 0.44591346153846156 0.3076923076923077
1 0.20192307692307693 0.6454326923076923 0.07091346153846154 0.057692307692307696