0 0.23677884615384615 0.21514423076923078 0.16466346153846154 0.23317307692307693
1 0.4338942307692308 0.5108173076923077 0.7560096153846154 0.8581730769230769
0 0.1201923076923077 0.26322115384615385 0.042067307692307696 0.1201923076923077
0 0.14182692307692307 0.19831730769230768 0.07211538461538461 0.09615384615384616
0 0.4735576923076923 0.19110576923076922 0.036057692307692304 0.07932692307692307
0 0.5144230769230769 0.19951923076923078 0.03365384615384615 0.07211538461538461
0 0.5420673076923077 0.18990384615384615 0.026442307692307692 0.05048076923076923
0 0.6009615384615384 0.16706730769230768 0.028846153846153848 0.025240384615384616
0 0.7884615384615384 0.23076923076923078 0.06971153846153846 0.24639423076923078
0 0.8413461538461539 0.1466346153846154 0.02403846153846154 0.03485576923076923
0 0.9639423076923077 0.3401442307692308 0.06971153846153846 0.30288461538461536
1 0.1045673076923077 0.41346153846153844 0.20432692307692307 0.3485576923076923
1 0.0733173076923077 0.19591346153846154 0.13581730769230768 0.11538461538461539
1 0.3629807692307692 0.22235576923076922 0.14543269230769232 0.109375
1 0.6057692307692307 0.1971153846153846 0.15264423076923078 0.09014423076923077
1 0.9086538461538461 0.22956730769230768 0.1814903846153846 0.16706730769230768