0 0.1658653846153846 0.8858173076923077 0.06370192307692307 0.22596153846153846
0 0.24158653846153846 0.9014423076923077 0.07091346153846154 0.1935096153846154
0 0.2848557692307692 0.8822115384615384 0.06850961538461539 0.23317307692307693
0 0.3581730769230769 0.8112980769230769 0.07091346153846154 0.21153846153846154
0 0.3798076923076923 0.9170673076923077 0.08052884615384616 0.1622596153846154
0 0.41586538461538464 0.8521634615384616 0.07572115384615384 0.2800480769230769
0 0.4182692307692308 0.7259615384615384 0.038461538461538464 0.09735576923076923
0 0.5288461538461539 0.8774038461538461 0.055288461538461536 0.2439903846153846
0 0.5745192307692307 0.9026442307692307 0.056490384615384616 0.1875
0 0.6057692307692307 0.9338942307692307 0.06610576923076923 0.12860576923076922
0 0.6009615384615384 0.6322115384615384 0.04807692307692308 0.20552884615384615
0 0.6117788461538461 0.8665865384615384 0.05889423076923077 0.2247596153846154
0 0.6826923076923077 0.4831730769230769 0.05048076923076923 0.16947115384615385
0 0.7079326923076923 0.4411057692307692 0.039663461538461536 0.16105769230769232
0 0.7560096153846154 0.8834134615384616 0.078125 0.23076923076923078
0 0.7560096153846154 0.5024038461538461 0.05048076923076923 0.18629807692307693
0 0.8100961538461539 0.8713942307692307 0.06370192307692307 0.24879807692307693
0 0.8954326923076923 0.5192307692307693 0.04447115384615385 0.1310096153846154
0 0.9278846153846154 0.4338942307692308 0.051682692307692304 0.21514423076923078
0 0.9399038461538461 0.9110576923076923 0.07572115384615384 0.17548076923076922
1 0.7235576923076923 0.12139423076923077 0.08052884615384616 0.08653846153846154
1 0.9387019230769231 0.10697115384615384 0.10336538461538461 0.09495192307692307