0 0.21995192307692307 0.921875 0.042067307692307696 0.15384615384615385
0 0.2548076923076923 0.9290865384615384 0.02283653846153846 0.13942307692307693
0 0.28365384615384615 0.9302884615384616 0.028846153846153848 0.13581730769230768
0 0.33653846153846156 0.9254807692307693 0.020432692307692308 0.13942307692307693
0 0.3473557692307692 0.9050480769230769 0.019230769230769232 0.10576923076923077
0 0.36177884615384615 0.9314903846153846 0.01201923076923077 0.12259615384615384
0 0.37740384615384615 0.9254807692307693 0.02283653846153846 0.14543269230769232
0 0.41346153846153844 0.8870192307692307 0.018028846153846152 0.06971153846153846
0 0.4326923076923077 0.8846153846153846 0.015625 0.06490384615384616
0 0.46153846153846156 0.9242788461538461 0.028846153846153848 0.14903846153846154
0 0.49759615384615385 0.8810096153846154 0.015625 0.08653846153846154
0 0.5108173076923077 0.8605769230769231 0.008413461538461538 0.007211538461538462
0 0.5384615384615384 0.9206730769230769 0.036057692307692304 0.14543269230769232
0 0.5733173076923077 0.9230769230769231 0.020432692307692308 0.13942307692307693
0 0.5997596153846154 0.9254807692307693 0.038461538461538464 0.1466346153846154
0 0.7019230769230769 0.9290865384615384 0.018028846153846152 0.13942307692307693
0 0.75 0.9314903846153846 0.014423076923076924 0.1201923076923077
0 0.7632211538461539 0.9338942307692307 0.013221153846153846 0.12860576923076922
0 0.7848557692307693 0.9302884615384616 0.01201923076923077 0.13581730769230768
0 0.8016826923076923 0.9254807692307693 0.018028846153846152 0.13341346153846154
0 0.8209134615384616 0.9387019230769231 0.014423076923076924 0.11298076923076923
0 0.8413461538461539 0.9459134615384616 0.019230769230769232 0.10576923076923077
0 0.8629807692307693 0.9278846153846154 0.019230769230769232 0.13581730769230768
0 0.8930288461538461 0.9314903846153846 0.026442307692307692 0.13341346153846154
0 0.9134615384615384 0.9278846153846154 0.008413461538461538 0.1346153846153846
0 0.9399038461538461 0.9375 0.018028846153846152 0.11177884615384616
1 0.078125 0.90625 0.15625 0.18389423076923078