1 0.08653846153846154 0.6923076923076923 0.17307692307692307 0.15384615384615385
0 0.09134615384615384 0.5997596153846154 0.015625 0.06610576923076923
0 0.109375 0.6033653846153846 0.013221153846153846 0.06490384615384616
0 0.12259615384615384 0.6021634615384616 0.007211538461538462 0.06009615384615385
0 0.13221153846153846 0.6021634615384616 0.01201923076923077 0.06610576923076923
0 0.14302884615384615 0.5889423076923077 0.01201923076923077 0.057692307692307696
0 0.15144230769230768 0.5889423076923077 0.009615384615384616 0.04807692307692308
0 0.21394230769230768 0.7620192307692307 0.08413461538461539 0.4254807692307692
0 0.26322115384615385 0.5853365384615384 0.013221153846153846 0.030048076923076924
0 0.2932692307692308 0.5889423076923077 0.010817307692307692 0.021634615384615384
0 0.3125 0.5877403846153846 0.009615384615384616 0.026442307692307692
0 0.32091346153846156 0.5985576923076923 0.013221153846153846 0.03485576923076923
0 0.3485576923076923 0.6141826923076923 0.015625 0.08173076923076923
0 0.38221153846153844 0.6262019230769231 0.021634615384615384 0.08173076923076923
0 0.39302884615384615 0.6262019230769231 0.021634615384615384 0.08052884615384616
0 0.40024038461538464 0.609375 0.009615384615384616 0.08173076923076923
0 0.41225961538461536 0.6129807692307693 0.013221153846153846 0.07451923076923077
0 0.4326923076923077 0.609375 0.02283653846153846 0.08052884615384616
0 0.44591346153846156 0.6069711538461539 0.01201923076923077 0.08413461538461539
0 0.46274038461538464 0.6129807692307693 0.018028846153846152 0.07451923076923077
0 0.47716346153846156 0.609375 0.01201923076923077 0.078125
0 0.9627403846153846 0.5961538461538461 0.018028846153846152 0.04927884615384615
0 0.9819711538461539 0.6634615384615384 0.03365384615384615 0.171875
0 0.9747596153846154 0.6009615384615384 0.009615384615384616 0.03125
1 0.038461538461538464 0.625 0.07692307692307693 0.0625
1 0.19110576923076922 0.6526442307692307 0.22115384615384615 0.109375
1 0.30528846153846156 0.6370192307692307 0.09735576923076923 0.078125
1 0.6274038461538461 0.6213942307692307 0.12740384615384615 0.07091346153846154
1 0.7055288461538461 0.625 0.019230769230769232 0.03485576923076923
1 0.9182692307692307 0.6069711538461539 0.052884615384615384 0.04927884615384615