0 0.2548076923076923 0.17427884615384615 0.13822115384615385 0.3317307692307692
0 0.3269230769230769 0.051682692307692304 0.04326923076923077 0.10336538461538461
0 0.36778846153846156 0.06129807692307692 0.03125 0.12259615384615384
0 0.41346153846153844 0.06129807692307692 0.051682692307692304 0.12259615384615384
0 0.4495192307692308 0.030048076923076924 0.03485576923076923 0.06009615384615385
0 0.4795673076923077 0.021634615384615384 0.028846153846153848 0.042067307692307696
0 0.5072115384615384 0.0985576923076923 0.0733173076923077 0.17307692307692307
0 0.5997596153846154 0.08173076923076923 0.06971153846153846 0.16346153846153846
0 0.8882211538461539 0.042067307692307696 0.038461538461538464 0.07451923076923077
1 0.5 0.4879807692307692 0.9699519230769231 0.9194711538461539
1 0.27884615384615385 0.18509615384615385 0.4026442307692308 0.2980769230769231
1 0.8990384615384616 0.1310096153846154 0.20072115384615385 0.234375
1 0.9867788461538461 0.27524038461538464 0.02403846153846154 0.11538461538461539