0 0.010817307692307692 0.8629807692307693 0.021634615384615384 0.0829326923076923
0 0.028846153846153848 0.9254807692307693 0.056490384615384616 0.14182692307692307
0 0.11538461538461539 0.7956730769230769 0.007211538461538462 0.025240384615384616
0 0.26802884615384615 0.8629807692307693 0.013221153846153846 0.042067307692307696
0 0.2860576923076923 0.8545673076923077 0.008413461538461538 0.03125
0 0.2956730769230769 0.8617788461538461 0.015625 0.038461538461538464
0 0.6838942307692307 0.8882211538461539 0.02403846153846154 0.078125
0 0.7451923076923077 0.9362980769230769 0.036057692307692304 0.12259615384615384
0 0.7560096153846154 0.8942307692307693 0.019230769230769232 0.07451923076923077
0 0.7740384615384616 0.8653846153846154 0.015625 0.014423076923076924
0 0.8052884615384616 0.9603365384615384 0.042067307692307696 0.07692307692307693
0 0.8473557692307693 0.9435096153846154 0.04326923076923077 0.11057692307692307
0 0.9158653846153846 0.9423076923076923 0.04927884615384615 0.11298076923076923
0 0.9483173076923077 0.8653846153846154 0.008413461538461538 0.007211538461538462
1 0.12740384615384615 0.9170673076923077 0.203125 0.1622596153846154