1 0.43509615384615385 0.5841346153846154 0.7259615384615384 0.7259615384615384
0 0.0889423076923077 0.42788461538461536 0.1201923076923077 0.5192307692307693
0 0.12740384615384615 0.4206730769230769 0.08533653846153846 0.48197115384615385
0 0.3641826923076923 0.203125 0.054086538461538464 0.04447115384615385
1 0.03365384615384615 0.23798076923076922 0.038461538461538464 0.07572115384615384
1 0.1622596153846154 0.25 0.0625 0.051682692307692304
1 0.5 0.24639423076923078 0.038461538461538464 0.052884615384615384
1 0.5480769230769231 0.24278846153846154 0.05889423076923077 0.05889423076923077
1 0.5949519230769231 0.24879807692307693 0.06370192307692307 0.054086538461538464
1 0.6838942307692307 0.23677884615384615 0.052884615384615384 0.03125
1 0.7259615384615384 0.26322115384615385 0.06971153846153846 0.051682692307692304
1 0.7548076923076923 0.2403846153846154 0.051682692307692304 0.030048076923076924
1 0.7944711538461539 0.265625 0.06370192307692307 0.037259615384615384
1 0.9074519230769231 0.24639423076923078 0.09134615384615384 0.04447115384615385
1 0.9026442307692307 0.26322115384615385 0.06009615384615385 0.051682692307692304
1 0.9891826923076923 0.2620192307692308 0.019230769230769232 0.04447115384615385