0 0.28966346153846156 0.7415865384615384 0.015625 0.10817307692307693
0 0.32211538461538464 0.7331730769230769 0.026442307692307692 0.08173076923076923
0 0.3713942307692308 0.7608173076923077 0.040865384615384616 0.16826923076923078
0 0.43028846153846156 0.7824519230769231 0.027644230769230768 0.16346153846153846
0 0.4879807692307692 0.7668269230769231 0.037259615384615384 0.10697115384615384
0 0.5600961538461539 0.7800480769230769 0.04326923076923077 0.15264423076923078
0 0.5985576923076923 0.7824519230769231 0.026442307692307692 0.1310096153846154
0 0.7175480769230769 0.6995192307692307 0.016826923076923076 0.02403846153846154
0 0.7728365384615384 0.71875 0.021634615384615384 0.021634615384615384
0 0.8305288461538461 0.7103365384615384 0.018028846153846152 0.026442307692307692
0 0.8870192307692307 0.7331730769230769 0.009615384615384616 0.07211538461538461
0 0.9230769230769231 0.7007211538461539 0.008413461538461538 0.037259615384615384
1 0.6598557692307693 0.7860576923076923 0.15865384615384615 0.15625
1 0.7115384615384616 0.7391826923076923 0.11538461538461539 0.05048076923076923
1 0.8040865384615384 0.7920673076923077 0.15144230769230768 0.1310096153846154
1 0.9206730769230769 0.8257211538461539 0.15625 0.21875