0 0.8064903846153846 0.4014423076923077 0.09615384615384616 0.3329326923076923
1 0.5 0.6274038461538461 0.8918269230769231 0.5805288461538461
0 0.3269230769230769 0.2776442307692308 0.04447115384615385 0.0985576923076923
0 0.3942307692307692 0.29086538461538464 0.055288461538461536 0.08774038461538461
0 0.8725961538461539 0.359375 0.025240384615384616 0.09254807692307693
0 0.9747596153846154 0.3737980769230769 0.03365384615384615 0.11177884615384616
1 0.0673076923076923 0.39783653846153844 0.1346153846153846 0.24519230769230768
1 0.18870192307692307 0.3425480769230769 0.11298076923076923 0.0985576923076923
1 0.4375 0.3425480769230769 0.18870192307692307 0.125
1 0.7019230769230769 0.42427884615384615 0.3389423076923077 0.1778846153846154
1 0.8774038461538461 0.3713942307692308 0.0829326923076923 0.06009615384615385
1 0.9447115384615384 0.37740384615384615 0.09375 0.078125