1 0.5192307692307693 0.4891826923076923 0.9170673076923077 0.6947115384615384
0 0.015625 0.125 0.03125 0.052884615384615384
0 0.15985576923076922 0.15144230769230768 0.020432692307692308 0.055288461538461536
0 0.17668269230769232 0.15865384615384615 0.036057692307692304 0.057692307692307696
0 0.265625 0.14423076923076922 0.04807692307692308 0.06971153846153846
0 0.3173076923076923 0.23918269230769232 0.10697115384615384 0.27283653846153844
0 0.4987980769230769 0.19471153846153846 0.05889423076923077 0.15504807692307693
0 0.5420673076923077 0.15384615384615385 0.04807692307692308 0.08173076923076923
0 0.6165865384615384 0.14543269230769232 0.042067307692307696 0.056490384615384616
0 0.6550480769230769 0.14783653846153846 0.02403846153846154 0.039663461538461536
0 0.6778846153846154 0.15144230769230768 0.021634615384615384 0.03245192307692308
0 0.8112980769230769 0.2608173076923077 0.0625 0.05889423076923077
0 0.921875 0.26802884615384615 0.06490384615384616 0.24639423076923078
1 0.2764423076923077 0.38461538461538464 0.5516826923076923 0.40024038461538464