0 0.6454326923076923 0.7127403846153846 0.08052884615384616 0.25600961538461536
0 0.03365384615384615 0.5649038461538461 0.036057692307692304 0.1201923076923077
0 0.0625 0.5528846153846154 0.03125 0.09254807692307693
0 0.109375 0.5829326923076923 0.03245192307692308 0.040865384615384616
0 0.2704326923076923 0.6201923076923077 0.040865384615384616 0.15504807692307693
0 0.5240384615384616 0.7223557692307693 0.056490384615384616 0.24639423076923078
0 0.7680288461538461 0.7560096153846154 0.06490384615384616 0.26802884615384615
0 0.7776442307692307 0.6153846153846154 0.03485576923076923 0.11658653846153846
0 0.890625 0.8028846153846154 0.08052884615384616 0.26322115384615385
0 0.9314903846153846 0.7776442307692307 0.08413461538461539 0.3173076923076923
1 0.12860576923076922 0.6201923076923077 0.15745192307692307 0.19951923076923078