1 0.6057692307692307 0.8725961538461539 0.28966346153846156 0.2247596153846154
0 0.11778846153846154 0.7548076923076923 0.052884615384615384 0.09134615384615384
0 0.2247596153846154 0.8641826923076923 0.06610576923076923 0.2692307692307692
0 0.265625 0.7067307692307693 0.014423076923076924 0.02403846153846154
0 0.42908653846153844 0.7463942307692307 0.026442307692307692 0.04447115384615385
0 0.5060096153846154 0.7331730769230769 0.025240384615384616 0.03365384615384615
0 0.5625 0.8341346153846154 0.03365384615384615 0.036057692307692304
0 0.6610576923076923 0.8245192307692307 0.04927884615384615 0.0673076923076923
0 0.9711538461538461 0.8581730769230769 0.04927884615384615 0.09735576923076923
1 0.0733173076923077 0.8725961538461539 0.14543269230769232 0.2512019230769231
1 0.17427884615384615 0.8149038461538461 0.07572115384615384 0.16826923076923078
1 0.15865384615384615 0.6442307692307693 0.03365384615384615 0.057692307692307696
1 0.25 0.8004807692307693 0.07932692307692307 0.17548076923076922
1 0.24158653846153846 0.6370192307692307 0.04447115384615385 0.06370192307692307
1 0.46274038461538464 0.8004807692307693 0.21875 0.21394230769230768
1 0.8461538461538461 0.8725961538461539 0.30649038461538464 0.2512019230769231
1 0.9711538461538461 0.9314903846153846 0.054086538461538464 0.1346153846153846