1 0.49399038461538464 0.5360576923076923 0.7055288461538461 0.84375
0 0.015625 0.3112980769230769 0.030048076923076924 0.037259615384615384
0 0.039663461538461536 0.3125 0.009615384615384616 0.026442307692307692
0 0.055288461538461536 0.3076923076923077 0.013221153846153846 0.02403846153846154
0 0.11057692307692307 0.296875 0.04927884615384615 0.057692307692307696
0 0.18990384615384615 0.31009615384615385 0.018028846153846152 0.03245192307692308
0 0.21875 0.31009615384615385 0.013221153846153846 0.03245192307692308
0 0.2608173076923077 0.296875 0.006009615384615385 0.010817307692307692
0 0.27403846153846156 0.3016826923076923 0.002403846153846154 0.015625
0 0.27884615384615385 0.30408653846153844 0.007211538461538462 0.020432692307692308
0 0.29086538461538464 0.3016826923076923 0.003605769230769231 0.015625
0 0.36177884615384615 0.30408653846153844 0.009615384615384616 0.020432692307692308
0 0.8293269230769231 0.32211538461538464 0.018028846153846152 0.06129807692307692
0 0.8497596153846154 0.30408653846153844 0.004807692307692308 0.019230769230769232
0 0.9338942307692307 0.33413461538461536 0.020432692307692308 0.04807692307692308
0 0.9603365384615384 0.35697115384615385 0.03365384615384615 0.15144230769230768
1 0.8653846153846154 0.33413461538461536 0.06490384615384616 0.07692307692307693
1 0.9038461538461539 0.3293269230769231 0.018028846153846152 0.03125