1 0.9507211538461539 0.7235576923076923 0.08774038461538461 0.10336538461538461
0 0.4230769230769231 0.7848557692307693 0.1045673076923077 0.33413461538461536
0 0.6442307692307693 0.7019230769230769 0.038461538461538464 0.15985576923076922
1 0.16706730769230768 0.6983173076923077 0.036057692307692304 0.046875
1 0.3317307692307692 0.7115384615384616 0.055288461538461536 0.08774038461538461
1 0.41466346153846156 0.6899038461538461 0.01201923076923077 0.026442307692307692
1 0.453125 0.6730769230769231 0.014423076923076924 0.040865384615384616
1 0.4579326923076923 0.6694711538461539 0.018028846153846152 0.03485576923076923
1 0.47475961538461536 0.65625 0.020432692307692308 0.03365384615384615
1 0.5036057692307693 0.6899038461538461 0.054086538461538464 0.04807692307692308
1 0.4879807692307692 0.6502403846153846 0.006009615384615385 0.019230769230769232
1 0.49158653846153844 0.6442307692307693 0.007211538461538462 0.014423076923076924
1 0.5072115384615384 0.6466346153846154 0.018028846153846152 0.014423076923076924
1 0.5588942307692307 0.6550480769230769 0.018028846153846152 0.020432692307692308
1 0.5769230769230769 0.6418269230769231 0.013221153846153846 0.010817307692307692
1 0.5889423076923077 0.6550480769230769 0.016826923076923076 0.019230769230769232