0 0.17427884615384615 0.4987980769230769 0.3485576923076923 0.9975961538461539
0 0.7536057692307693 0.24879807692307693 0.026442307692307692 0.06971153846153846
0 0.7872596153846154 0.15625 0.04326923076923077 0.30649038461538464
0 0.9555288461538461 0.4423076923076923 0.078125 0.6310096153846154
1 0.037259615384615384 0.13221153846153846 0.07451923076923077 0.13942307692307693
1 0.2824519230769231 0.11298076923076923 0.055288461538461536 0.08173076923076923
1 0.3449519230769231 0.11538461538461539 0.12980769230769232 0.11538461538461539
1 0.39903846153846156 0.07932692307692307 0.052884615384615384 0.03125
1 0.453125 0.10576923076923077 0.11538461538461539 0.09615384615384616
1 0.5685096153846154 0.10817307692307693 0.17427884615384615 0.1201923076923077
1 0.609375 0.07451923076923077 0.04807692307692308 0.03485576923076923
1 0.9471153846153846 0.17668269230769232 0.10336538461538461 0.15504807692307693