1 0.45072115384615385 0.5048076923076923 0.5733173076923077 0.5276442307692307
0 0.5252403846153846 0.21033653846153846 0.037259615384615384 0.08173076923076923
0 0.5564903846153846 0.19591346153846154 0.039663461538461536 0.052884615384615384
0 0.5709134615384616 0.21514423076923078 0.042067307692307696 0.0829326923076923
0 0.5913461538461539 0.18990384615384615 0.028846153846153848 0.05048076923076923
0 0.6105769230769231 0.22115384615384615 0.037259615384615384 0.08774038461538461
0 0.6346153846153846 0.23918269230769232 0.02283653846153846 0.04927884615384615
0 0.6634615384615384 0.21875 0.038461538461538464 0.1045673076923077
0 0.7668269230769231 0.32572115384615385 0.06850961538461539 0.34615384615384615
0 0.8052884615384616 0.38221153846153844 0.08774038461538461 0.4423076923076923
0 0.8076923076923077 0.2956730769230769 0.026442307692307692 0.31009615384615385
0 0.8665865384615384 0.3088942307692308 0.06850961538461539 0.28365384615384615
0 0.8990384615384616 0.2932692307692308 0.026442307692307692 0.21153846153846154
0 0.9555288461538461 0.3076923076923077 0.07572115384615384 0.28125