0 0.4375 0.5108173076923077 0.046875 0.055288461538461536
0 0.6081730769230769 0.5096153846153846 0.03125 0.026442307692307692
0 0.7764423076923077 0.5108173076923077 0.027644230769230768 0.02403846153846154
0 0.796875 0.5264423076923077 0.0673076923076923 0.054086538461538464
1 0.1778846153846154 0.5240384615384616 0.06850961538461539 0.04447115384615385
1 0.23557692307692307 0.49759615384615385 0.057692307692307696 0.028846153846153848
1 0.2512019230769231 0.5324519230769231 0.06971153846153846 0.04447115384615385
1 0.2548076923076923 0.4891826923076923 0.04927884615384615 0.030048076923076924
1 0.29086538461538464 0.47115384615384615 0.04447115384615385 0.027644230769230768
1 0.3161057692307692 0.45913461538461536 0.03125 0.028846153846153848
1 0.3329326923076923 0.4495192307692308 0.027644230769230768 0.02403846153846154
1 0.34975961538461536 0.43990384615384615 0.025240384615384616 0.019230769230769232
1 0.3641826923076923 0.43509615384615385 0.01201923076923077 0.015625
1 0.37259615384615385 0.43028846153846156 0.006009615384615385 0.014423076923076924
1 0.38221153846153844 0.42427884615384615 0.009615384615384616 0.009615384615384616
1 0.4050480769230769 0.41947115384615385 0.013221153846153846 0.013221153846153846