0 0.3004807692307692 0.10697115384615384 0.020432692307692308 0.0985576923076923
0 0.3233173076923077 0.09975961538461539 0.036057692307692304 0.09375
0 0.3269230769230769 0.09975961538461539 0.028846153846153848 0.09375
0 0.640625 0.36538461538461536 0.09254807692307693 0.14423076923076922
0 0.6995192307692307 0.2776442307692308 0.06129807692307692 0.12620192307692307
0 0.7103365384615384 0.38461538461538464 0.07091346153846154 0.140625
0 0.9447115384615384 0.42427884615384615 0.109375 0.5024038461538461
0 0.9471153846153846 0.7247596153846154 0.10336538461538461 0.37740384615384615
0 0.9543269230769231 0.021634615384615384 0.019230769230769232 0.04326923076923077
0 0.9711538461538461 0.020432692307692308 0.019230769230769232 0.040865384615384616
0 0.984375 0.02283653846153846 0.020432692307692308 0.04567307692307692
1 0.10697115384615384 0.14543269230769232 0.1310096153846154 0.078125
1 0.4807692307692308 0.5288461538461539 0.7572115384615384 0.5516826923076923
1 0.5865384615384616 0.06129807692307692 0.06610576923076923 0.046875