0 0.7175480769230769 0.6322115384615384 0.08653846153846154 0.23197115384615385
1 0.34134615384615385 0.6454326923076923 0.5444711538461539 0.22115384615384615
0 0.026442307692307692 0.6730769230769231 0.052884615384615384 0.27884615384615385
0 0.34375 0.8689903846153846 0.4423076923076923 0.25841346153846156
0 0.18389423076923078 0.5264423076923077 0.03245192307692308 0.07572115384615384
0 0.21995192307692307 0.5540865384615384 0.06971153846153846 0.10096153846153846
0 0.24278846153846154 0.5432692307692307 0.03485576923076923 0.08653846153846154
0 0.2860576923076923 0.5444711538461539 0.051682692307692304 0.10216346153846154
0 0.33413461538461536 0.7295673076923077 0.06971153846153846 0.03245192307692308
0 0.3605769230769231 0.6322115384615384 0.08774038461538461 0.2283653846153846
0 0.6274038461538461 0.8209134615384616 0.33653846153846156 0.3545673076923077
0 0.8028846153846154 0.5 0.021634615384615384 0.026442307692307692
0 0.8245192307692307 0.4951923076923077 0.030048076923076924 0.04447115384615385
0 0.8737980769230769 0.5709134615384616 0.05889423076923077 0.2127403846153846
0 0.9170673076923077 0.5805288461538461 0.08533653846153846 0.17427884615384615
0 0.9519230769230769 0.8617788461538461 0.09134615384615384 0.27163461538461536
1 0.7572115384615384 0.8221153846153846 0.48197115384615385 0.35096153846153844