0 0.08774038461538461 0.5432692307692307 0.013221153846153846 0.046875
0 0.265625 0.5456730769230769 0.018028846153846152 0.051682692307692304
0 0.5480769230769231 0.6009615384615384 0.052884615384615384 0.21514423076923078
1 0.19831730769230768 0.5420673076923077 0.03125 0.03485576923076923
1 0.234375 0.5384615384615384 0.06490384615384616 0.036057692307692304
1 0.25 0.5432692307692307 0.06129807692307692 0.02283653846153846
1 0.2848557692307692 0.5420673076923077 0.030048076923076924 0.03365384615384615
1 0.31490384615384615 0.5384615384615384 0.0625 0.03365384615384615
1 0.3701923076923077 0.5444711538461539 0.07211538461538461 0.038461538461538464
1 0.4110576923076923 0.5396634615384616 0.026442307692307692 0.03125
1 0.43509615384615385 0.5480769230769231 0.021634615384615384 0.03125
1 0.4651442307692308 0.5504807692307693 0.038461538461538464 0.04927884615384615
1 0.4831730769230769 0.5384615384615384 0.04447115384615385 0.036057692307692304
1 0.6598557692307693 0.5420673076923077 0.04807692307692308 0.051682692307692304
1 0.7067307692307693 0.5348557692307693 0.04807692307692308 0.04447115384615385
1 0.7415865384615384 0.5288461538461539 0.038461538461538464 0.039663461538461536
1 0.765625 0.5264423076923077 0.03125 0.03365384615384615
1 0.7872596153846154 0.5264423076923077 0.021634615384615384 0.027644230769230768
1 0.8052884615384616 0.5228365384615384 0.015625 0.020432692307692308
1 0.8461538461538461 0.515625 0.007211538461538462 0.01201923076923077
1 0.8629807692307693 0.5168269230769231 0.02403846153846154 0.014423076923076924