1 0.10817307692307693 0.7704326923076923 0.21153846153846154 0.32211538461538464
0 0.10336538461538461 0.5961538461538461 0.037259615384615384 0.13581730769230768
0 0.17067307692307693 0.5745192307692307 0.0625 0.24639423076923078
0 0.421875 0.6189903846153846 0.06009615384615385 0.2848557692307692
0 0.5348557692307693 0.5913461538461539 0.06850961538461539 0.3389423076923077
0 0.6466346153846154 0.5853365384615384 0.04927884615384615 0.2512019230769231
0 0.7355769230769231 0.6778846153846154 0.10697115384615384 0.27283653846153844
0 0.8016826923076923 0.5961538461538461 0.05048076923076923 0.24278846153846154
0 0.8365384615384616 0.5853365384615384 0.055288461538461536 0.24158653846153846
0 0.8473557692307693 0.6322115384615384 0.051682692307692304 0.2920673076923077
0 0.890625 0.6322115384615384 0.04807692307692308 0.2860576923076923
0 0.9651442307692307 0.5612980769230769 0.04927884615384615 0.1310096153846154