0 0.546875 0.5012019230769231 0.039663461538461536 0.12259615384615384
0 0.5973557692307693 0.47836538461538464 0.015625 0.1045673076923077
0 0.75 0.6009615384615384 0.13942307692307693 0.3762019230769231
1 0.046875 0.5264423076923077 0.09254807692307693 0.3762019230769231
1 0.09615384615384616 0.5276442307692307 0.12980769230769232 0.17307692307692307
1 0.16105769230769232 0.5072115384615384 0.03125 0.09254807692307693
1 0.16466346153846154 0.4891826923076923 0.037259615384615384 0.08413461538461539
1 0.18028846153846154 0.484375 0.021634615384615384 0.06009615384615385
1 0.5733173076923077 0.48197115384615385 0.018028846153846152 0.018028846153846152
1 0.6382211538461539 0.4855769230769231 0.018028846153846152 0.02403846153846154
1 0.7668269230769231 0.49278846153846156 0.04927884615384615 0.037259615384615384
1 0.8112980769230769 0.49759615384615385 0.056490384615384616 0.03365384615384615
1 0.875 0.49158653846153844 0.09134615384615384 0.06370192307692307