0 0.09134615384615384 0.42788461538461536 0.07572115384615384 0.3485576923076923
0 0.02403846153846154 0.35697115384615385 0.04807692307692308 0.4639423076923077
0 0.02403846153846154 0.12620192307692307 0.046875 0.17668269230769232
0 0.18990384615384615 0.38100961538461536 0.15264423076923078 0.44591346153846156
0 0.2704326923076923 0.14182692307692307 0.07572115384615384 0.234375
0 0.3389423076923077 0.2860576923076923 0.078125 0.21995192307692307
0 0.40384615384615385 0.3076923076923077 0.08774038461538461 0.2692307692307692
0 0.6105769230769231 0.4495192307692308 0.34134615384615385 0.7536057692307693
1 0.056490384615384616 0.14182692307692307 0.11177884615384616 0.17067307692307693
1 0.07692307692307693 0.06490384615384616 0.09134615384615384 0.08533653846153846
1 0.6454326923076923 0.21033653846153846 0.4723557692307692 0.3269230769230769
1 0.7512019230769231 0.07692307692307693 0.12139423076923077 0.06971153846153846
1 0.9459134615384616 0.2548076923076923 0.10697115384615384 0.21033653846153846