0 0.6983173076923077 0.2692307692307692 0.08774038461538461 0.2283653846153846
0 0.2848557692307692 0.36538461538461536 0.015625 0.038461538461538464
0 0.3004807692307692 0.38461538461538464 0.025240384615384616 0.06370192307692307
0 0.6358173076923077 0.36658653846153844 0.015625 0.06370192307692307
0 0.8004807692307693 0.3485576923076923 0.02403846153846154 0.08533653846153846
0 0.9086538461538461 0.4375 0.08052884615384616 0.2403846153846154
0 0.9735576923076923 0.3137019230769231 0.02403846153846154 0.054086538461538464
1 0.4567307692307692 0.6310096153846154 0.7740384615384616 0.5733173076923077
1 0.3701923076923077 0.34975961538461536 0.0733173076923077 0.05889423076923077
1 0.7836538461538461 0.3173076923076923 0.09254807692307693 0.046875
1 0.90625 0.36538461538461536 0.18629807692307693 0.15504807692307693