0 0.016826923076923076 0.2920673076923077 0.03365384615384615 0.140625
0 0.039663461538461536 0.22956730769230768 0.028846153846153848 0.11057692307692307
0 0.0625 0.3557692307692308 0.057692307692307696 0.24519230769230768
0 0.07572115384615384 0.24759615384615385 0.046875 0.1201923076923077
0 0.0625 0.19831730769230768 0.018028846153846152 0.052884615384615384
0 0.109375 0.265625 0.03245192307692308 0.046875
0 0.13942307692307693 0.35336538461538464 0.04927884615384615 0.14423076923076922
0 0.17548076923076922 0.4170673076923077 0.039663461538461536 0.13822115384615385
0 0.18990384615384615 0.3629807692307692 0.04927884615384615 0.13341346153846154
0 0.4483173076923077 0.375 0.040865384615384616 0.08653846153846154
0 0.5264423076923077 0.6862980769230769 0.11899038461538461 0.28725961538461536
0 0.6454326923076923 0.35697115384615385 0.042067307692307696 0.09254807692307693
0 0.6923076923076923 0.5324519230769231 0.0889423076923077 0.3269230769230769
0 0.6875 0.3401442307692308 0.038461538461538464 0.07211538461538461
0 0.7139423076923077 0.3425480769230769 0.018028846153846152 0.051682692307692304
0 0.7379807692307693 0.33533653846153844 0.030048076923076924 0.140625
0 0.8257211538461539 0.41466346153846156 0.056490384615384616 0.20432692307692307
0 0.8810096153846154 0.5540865384615384 0.09254807692307693 0.35697115384615385
0 0.921875 0.3918269230769231 0.02403846153846154 0.08533653846153846
0 0.9362980769230769 0.4026442307692308 0.054086538461538464 0.1141826923076923
0 0.9735576923076923 0.38221153846153844 0.042067307692307696 0.11778846153846154
1 0.004807692307692308 0.19591346153846154 0.009615384615384616 0.040865384615384616
1 0.01201923076923077 0.16466346153846154 0.02403846153846154 0.040865384615384616
1 0.03485576923076923 0.18990384615384615 0.06971153846153846 0.06009615384615385
1 0.05048076923076923 0.16105769230769232 0.040865384615384616 0.03245192307692308
1 0.08173076923076923 0.19110576923076922 0.018028846153846152 0.05889423076923077