0 0.0829326923076923 0.6153846153846154 0.07091346153846154 0.3004807692307692
0 0.13701923076923078 0.6045673076923077 0.08413461538461539 0.29447115384615385
0 0.14903846153846154 0.4519230769230769 0.030048076923076924 0.109375
0 0.21875 0.6911057692307693 0.12379807692307693 0.38100961538461536
0 0.171875 0.4338942307692308 0.02283653846153846 0.08173076923076923
0 0.18870192307692307 0.46634615384615385 0.046875 0.0625
0 0.18990384615384615 0.5180288461538461 0.040865384615384616 0.1045673076923077
0 0.32091346153846156 0.6862980769230769 0.07932692307692307 0.35336538461538464
0 0.3317307692307692 0.5216346153846154 0.037259615384615384 0.08173076923076923
0 0.36177884615384615 0.47596153846153844 0.03125 0.0733173076923077
0 0.43149038461538464 0.6658653846153846 0.08173076923076923 0.3293269230769231
0 0.5540865384615384 0.6466346153846154 0.078125 0.3329326923076923
0 0.5588942307692307 0.4891826923076923 0.056490384615384616 0.1045673076923077
0 0.6141826923076923 0.4699519230769231 0.06129807692307692 0.1310096153846154
0 0.6706730769230769 0.6730769230769231 0.07572115384615384 0.31490384615384615
0 0.6947115384615384 0.46634615384615385 0.06610576923076923 0.11177884615384616
0 0.7572115384615384 0.5192307692307693 0.08774038461538461 0.07692307692307693
0 0.8701923076923077 0.6538461538461539 0.09014423076923077 0.33052884615384615
0 0.9675480769230769 0.5733173076923077 0.0625 0.2620192307692308
1 0.5192307692307693 0.41947115384615385 0.14423076923076922 0.09375
1 0.8882211538461539 0.5144230769230769 0.18509615384615385 0.15745192307692307
1 0.8689903846153846 0.4182692307692308 0.08052884615384616 0.036057692307692304
1 0.9086538461538461 0.39663461538461536 0.09254807692307693 0.046875
1 0.9459134615384616 0.4074519230769231 0.10576923076923077 0.056490384615384616
1 0.9711538461538461 0.4495192307692308 0.055288461538461536 0.06490384615384616