0 0.4807692307692308 0.6610576923076923 0.07091346153846154 0.17427884615384615
1 0.2776442307692308 0.6310096153846154 0.009615384615384616 0.013221153846153846
1 0.31490384615384615 0.6286057692307693 0.07091346153846154 0.04807692307692308
1 0.36177884615384615 0.6262019230769231 0.03245192307692308 0.027644230769230768
1 0.4182692307692308 0.6213942307692307 0.013221153846153846 0.015625
1 0.515625 0.6225961538461539 0.010817307692307692 0.010817307692307692
1 0.6887019230769231 0.6177884615384616 0.018028846153846152 0.020432692307692308
1 0.7475961538461539 0.625 0.010817307692307692 0.026442307692307692
1 0.7632211538461539 0.6141826923076923 0.03485576923076923 0.015625
1 0.7644230769230769 0.6370192307692307 0.036057692307692304 0.046875
1 0.7836538461538461 0.640625 0.052884615384615384 0.055288461538461536