0 0.042067307692307696 0.3317307692307692 0.0829326923076923 0.5757211538461539
0 0.5252403846153846 0.09014423076923077 0.013221153846153846 0.027644230769230768
0 0.5492788461538461 0.0985576923076923 0.026442307692307692 0.042067307692307696
0 0.7596153846153846 0.09975961538461539 0.03125 0.0889423076923077
0 0.78125 0.1141826923076923 0.04326923076923077 0.06971153846153846
0 0.7884615384615384 0.15144230769230768 0.05889423076923077 0.13942307692307693
0 0.8858173076923077 0.10216346153846154 0.03485576923076923 0.12620192307692307
0 0.9375 0.34375 0.12259615384615384 0.6875
0 0.8954326923076923 0.2439903846153846 0.036057692307692304 0.4206730769230769
1 0.4519230769230769 0.4735576923076923 0.859375 0.9471153846153846
1 0.48197115384615385 0.109375 0.12860576923076922 0.0625
1 0.828125 0.15384615384615385 0.10096153846153846 0.13942307692307693