0 0.055288461538461536 0.33052884615384615 0.109375 0.43990384615384615
0 0.11538461538461539 0.21995192307692307 0.038461538461538464 0.09495192307692307
0 0.12860576923076922 0.11658653846153846 0.04447115384615385 0.1310096153846154
0 0.13942307692307693 0.12740384615384615 0.057692307692307696 0.12740384615384615
0 0.24639423076923078 0.48197115384615385 0.20192307692307693 0.9375
0 0.1778846153846154 0.11658653846153846 0.046875 0.17908653846153846
0 0.41947115384615385 0.44711538461538464 0.234375 0.8870192307692307
0 0.4387019230769231 0.10336538461538461 0.0829326923076923 0.08052884615384616
0 0.5733173076923077 0.2692307692307692 0.13221153846153846 0.33774038461538464
0 0.5336538461538461 0.10336538461538461 0.046875 0.09615384615384616
0 0.7632211538461539 0.5673076923076923 0.47115384615384615 0.8617788461538461
0 0.7319711538461539 0.3425480769230769 0.2932692307692308 0.6850961538461539
0 0.875 0.34134615384615385 0.14783653846153846 0.5865384615384616
0 0.9326923076923077 0.12139423076923077 0.06490384615384616 0.1346153846153846
0 0.9783653846153846 0.1141826923076923 0.042067307692307696 0.11778846153846154
1 0.3233173076923077 0.2980769230769231 0.4795673076923077 0.33413461538461536