0 0.07451923076923077 0.3737980769230769 0.038461538461538464 0.07932692307692307
0 0.11538461538461539 0.3701923076923077 0.04927884615384615 0.09254807692307693
0 0.15625 0.6526442307692307 0.06971153846153846 0.04927884615384615
0 0.1875 0.6201923076923077 0.08052884615384616 0.06971153846153846
0 0.5841346153846154 0.20552884615384615 0.019230769230769232 0.02283653846153846
0 0.5973557692307693 0.21634615384615385 0.026442307692307692 0.028846153846153848
0 0.6274038461538461 0.21394230769230768 0.03245192307692308 0.03245192307692308
0 0.7091346153846154 0.23798076923076922 0.030048076923076924 0.04927884615384615
0 0.7319711538461539 0.24278846153846154 0.020432692307692308 0.04807692307692308
0 0.7451923076923077 0.3641826923076923 0.04807692307692308 0.06129807692307692
0 0.7572115384615384 0.6995192307692307 0.06370192307692307 0.0733173076923077
0 0.7512019230769231 0.23677884615384615 0.02403846153846154 0.046875
0 0.7596153846153846 0.23677884615384615 0.019230769230769232 0.051682692307692304
0 0.78125 0.23918269230769232 0.018028846153846152 0.039663461538461536
0 0.8245192307692307 0.6959134615384616 0.09975961538461539 0.07932692307692307
0 0.8713942307692307 0.3329326923076923 0.03365384615384615 0.07211538461538461
0 0.9194711538461539 0.40865384615384615 0.057692307692307696 0.09615384615384616
0 0.9663461538461539 0.4074519230769231 0.04927884615384615 0.08653846153846154
1 0.5324519230769231 0.33413461538461536 0.23557692307692307 0.07091346153846154
1 0.5216346153846154 0.07451923076923077 0.10697115384615384 0.055288461538461536