0 0.9615384615384616 0.3425480769230769 0.0673076923076923 0.28125
0 0.7512019230769231 0.3016826923076923 0.040865384615384616 0.16826923076923078
0 0.7848557692307693 0.29447115384615385 0.027644230769230768 0.1622596153846154
0 0.8485576923076923 0.21033653846153846 0.03365384615384615 0.09975961538461539
0 0.8918269230769231 0.2283653846153846 0.02403846153846154 0.04447115384615385
0 0.9146634615384616 0.1971153846153846 0.016826923076923076 0.04807692307692308
1 0.7283653846153846 0.16706730769230768 0.02283653846153846 0.020432692307692308
1 0.7788461538461539 0.14783653846153846 0.055288461538461536 0.03125
1 0.7944711538461539 0.16706730769230768 0.03125 0.030048076923076924
1 0.8209134615384616 0.18990384615384615 0.04807692307692308 0.05889423076923077
1 0.8521634615384616 0.21033653846153846 0.055288461538461536 0.06850961538461539