0 0.1622596153846154 0.5288461538461539 0.042067307692307696 0.16346153846153846
0 0.2548076923076923 0.6274038461538461 0.09134615384615384 0.29086538461538464
0 0.34375 0.6454326923076923 0.25961538461538464 0.30408653846153844
0 0.3317307692307692 0.5024038461538461 0.037259615384615384 0.08533653846153846
0 0.43509615384615385 0.6394230769230769 0.1310096153846154 0.2920673076923077
0 0.45552884615384615 0.6622596153846154 0.13221153846153846 0.234375
0 0.5336538461538461 0.6646634615384616 0.11538461538461539 0.265625
0 0.6009615384615384 0.6790865384615384 0.16105769230769232 0.2536057692307692
0 0.6286057692307693 0.6634615384615384 0.08774038461538461 0.25961538461538464
0 0.6947115384615384 0.6538461538461539 0.11298076923076923 0.2932692307692308
0 0.7512019230769231 0.6033653846153846 0.08052884615384616 0.34615384615384615
0 0.7788461538461539 0.6778846153846154 0.12740384615384615 0.2980769230769231
0 0.8125 0.6694711538461539 0.12980769230769232 0.2608173076923077
0 0.9735576923076923 0.7079326923076923 0.04927884615384615 0.37259615384615385
1 0.04447115384615385 0.5024038461538461 0.0889423076923077 0.09134615384615384
1 0.10096153846153846 0.5048076923076923 0.07572115384615384 0.08653846153846154
1 0.16826923076923078 0.49759615384615385 0.06490384615384616 0.08052884615384616
1 0.34134615384615385 0.5012019230769231 0.09615384615384616 0.06610576923076923
1 0.4014423076923077 0.4807692307692308 0.04567307692307692 0.028846153846153848
1 0.5228365384615384 0.5048076923076923 0.0985576923076923 0.07451923076923077
1 0.5168269230769231 0.47475961538461536 0.0829326923076923 0.057692307692307696
1 0.5769230769230769 0.4879807692307692 0.04326923076923077 0.05889423076923077
1 0.7067307692307693 0.4879807692307692 0.010817307692307692 0.03485576923076923
1 0.8389423076923077 0.47596153846153844 0.04807692307692308 0.025240384615384616
1 0.8966346153846154 0.484375 0.04807692307692308 0.06610576923076923
1 0.9411057692307693 0.4951923076923077 0.0673076923076923 0.08774038461538461