1 0.109375 0.6165865384615384 0.18028846153846154 0.15625
0 0.21754807692307693 0.5384615384615384 0.013221153846153846 0.052884615384615384
0 0.7415865384615384 0.71875 0.09495192307692307 0.2644230769230769
1 0.028846153846153848 0.609375 0.057692307692307696 0.11298076923076923
1 0.125 0.5673076923076923 0.12980769230769232 0.0625
1 0.26322115384615385 0.5817307692307693 0.09735576923076923 0.09735576923076923
1 0.2800480769230769 0.5264423076923077 0.06610576923076923 0.05048076923076923
1 0.3473557692307692 0.5588942307692307 0.0733173076923077 0.0733173076923077
1 0.34375 0.5132211538461539 0.04927884615384615 0.025240384615384616
1 0.40384615384615385 0.5300480769230769 0.06009615384615385 0.06490384615384616
1 0.44471153846153844 0.515625 0.037259615384615384 0.039663461538461536
1 0.47115384615384615 0.5132211538461539 0.02403846153846154 0.036057692307692304
1 0.5721153846153846 0.484375 0.007211538461538462 0.013221153846153846
1 0.7259615384615384 0.5096153846153846 0.013221153846153846 0.025240384615384616
1 0.7427884615384616 0.5144230769230769 0.028846153846153848 0.025240384615384616
1 0.8125 0.5240384615384616 0.018028846153846152 0.037259615384615384
1 0.8966346153846154 0.5504807692307693 0.0733173076923077 0.055288461538461536