0 0.7211538461538461 0.7980769230769231 0.07932692307692307 0.3798076923076923
1 0.078125 0.7055288461538461 0.15625 0.21394230769230768
0 0.21153846153846154 0.6802884615384616 0.042067307692307696 0.1201923076923077
0 0.3269230769230769 0.6670673076923077 0.018028846153846152 0.08173076923076923
0 0.3449519230769231 0.6682692307692307 0.020432692307692308 0.06971153846153846
0 0.3798076923076923 0.6538461538461539 0.014423076923076924 0.04326923076923077
0 0.3918269230769231 0.6622596153846154 0.018028846153846152 0.09375
0 0.41225961538461536 0.6370192307692307 0.01201923076923077 0.021634615384615384
0 0.49399038461538464 0.6382211538461539 0.009615384615384616 0.019230769230769232
0 0.5336538461538461 0.6658653846153846 0.018028846153846152 0.09375
0 0.7536057692307693 0.6887019230769231 0.039663461538461536 0.14903846153846154
0 0.7884615384615384 0.6899038461538461 0.04447115384615385 0.16826923076923078