0 0.203125 0.71875 0.11057692307692307 0.33052884615384615
0 0.013221153846153846 0.5408653846153846 0.025240384615384616 0.078125
0 0.03245192307692308 0.5540865384615384 0.04447115384615385 0.038461538461538464
0 0.08173076923076923 0.5408653846153846 0.042067307692307696 0.055288461538461536
0 0.13701923076923078 0.5733173076923077 0.036057692307692304 0.0625
0 0.1778846153846154 0.5733173076923077 0.027644230769230768 0.06490384615384616
0 0.24639423076923078 0.6225961538461539 0.030048076923076924 0.09375
0 0.27524038461538464 0.6490384615384616 0.054086538461538464 0.140625
0 0.30408653846153844 0.6298076923076923 0.03365384615384615 0.07451923076923077
0 0.3112980769230769 0.5528846153846154 0.028846153846153848 0.0673076923076923
0 0.34134615384615385 0.6550480769230769 0.04326923076923077 0.12259615384615384
0 0.375 0.6646634615384616 0.04807692307692308 0.1658653846153846
0 0.4375 0.6790865384615384 0.078125 0.12860576923076922
0 0.4963942307692308 0.6213942307692307 0.19591346153846154 0.21514423076923078
0 0.6177884615384616 0.5997596153846154 0.037259615384615384 0.1466346153846154
0 0.6538461538461539 0.6370192307692307 0.04326923076923077 0.0733173076923077
0 0.6646634615384616 0.5889423076923077 0.036057692307692304 0.052884615384615384
0 0.7079326923076923 0.6009615384615384 0.030048076923076924 0.06009615384615385
0 0.9675480769230769 0.47596153846153844 0.028846153846153848 0.12740384615384615
1 0.7740384615384616 0.7463942307692307 0.45072115384615385 0.30288461538461536