0 0.31490384615384615 0.5072115384615384 0.09615384615384616 0.5048076923076923
1 0.8257211538461539 0.640625 0.33653846153846156 0.7055288461538461
0 0.056490384615384616 0.578125 0.11177884615384616 0.8413461538461539
0 0.08774038461538461 0.53125 0.04927884615384615 0.32572115384615385
0 0.19110576923076922 0.5673076923076923 0.23076923076923078 0.640625
0 0.19230769230769232 0.5120192307692307 0.21995192307692307 0.5673076923076923
0 0.4014423076923077 0.5324519230769231 0.1045673076923077 0.5084134615384616
0 0.4495192307692308 0.5456730769230769 0.0625 0.4387019230769231
0 0.4963942307692308 0.5709134615384616 0.13341346153846154 0.4987980769230769
0 0.5528846153846154 0.5745192307692307 0.08173076923076923 0.4675480769230769
0 0.6298076923076923 0.5685096153846154 0.1045673076923077 0.49399038461538464
0 0.6730769230769231 0.5336538461538461 0.07572115384615384 0.4423076923076923
0 0.7908653846153846 0.48677884615384615 0.14302884615384615 0.17908653846153846
0 0.9567307692307693 0.47475961538461536 0.08533653846153846 0.17067307692307693