1 0.47115384615384615 0.59375 0.8677884615384616 0.6538461538461539
0 0.020432692307692308 0.25240384615384615 0.040865384615384616 0.04807692307692308
0 0.021634615384615384 0.1201923076923077 0.019230769230769232 0.04326923076923077
0 0.03365384615384615 0.12139423076923077 0.036057692307692304 0.0625
0 0.03365384615384615 0.24759615384615385 0.02403846153846154 0.06490384615384616
0 0.056490384615384616 0.12259615384615384 0.013221153846153846 0.06009615384615385
0 0.06370192307692307 0.11658653846153846 0.013221153846153846 0.04807692307692308
0 0.0889423076923077 0.27283653846153844 0.026442307692307692 0.0889423076923077
0 0.08653846153846154 0.11778846153846154 0.007211538461538462 0.046875
0 0.09615384615384616 0.12139423076923077 0.01201923076923077 0.04447115384615385
0 0.10817307692307693 0.24158653846153846 0.003605769230769231 0.03485576923076923
0 0.11538461538461539 0.24278846153846154 0.007211538461538462 0.046875
0 0.16466346153846154 0.25600961538461536 0.028846153846153848 0.09975961538461539
0 0.2668269230769231 0.24158653846153846 0.015625 0.021634615384615384
0 0.28846153846153844 0.2403846153846154 0.021634615384615384 0.020432692307692308
0 0.359375 0.24759615384615385 0.02403846153846154 0.030048076923076924
0 0.38221153846153844 0.24759615384615385 0.018028846153846152 0.03245192307692308
0 0.421875 0.24158653846153846 0.02283653846153846 0.03485576923076923
0 0.44350961538461536 0.24519230769230768 0.02403846153846154 0.038461538461538464
0 0.5793269230769231 0.22115384615384615 0.020432692307692308 0.028846153846153848
0 0.5829326923076923 0.22355769230769232 0.007211538461538462 0.013221153846153846
0 0.6213942307692307 0.22596153846153846 0.013221153846153846 0.027644230769230768
0 0.8004807692307693 0.22956730769230768 0.007211538461538462 0.025240384615384616
0 0.8100961538461539 0.23317307692307693 0.007211538461538462 0.019230769230769232
0 0.8557692307692307 0.25240384615384615 0.046875 0.08052884615384616
0 0.875 0.26322115384615385 0.03365384615384615 0.11177884615384616
0 0.9759615384615384 0.28846153846153844 0.038461538461538464 0.14543269230769232
1 0.052884615384615384 0.375 0.10576923076923077 0.2403846153846154
1 0.08413461538461539 0.8269230769230769 0.16826923076923078 0.3425480769230769
1 0.7379807692307693 0.4182692307692308 0.5228365384615384 0.3858173076923077
1 0.7788461538461539 0.24639423076923078 0.10576923076923077 0.04567307692307692
1 0.9362980769230769 0.30528846153846156 0.12620192307692307 0.10336538461538461
1 0.9254807692307693 0.26322115384615385 0.06971153846153846 0.04927884615384615