0 0.006009615384615385 0.43509615384615385 0.01201923076923077 0.0625
0 0.020432692307692308 0.7091346153846154 0.040865384615384616 0.42788461538461536
0 0.0673076923076923 0.453125 0.020432692307692308 0.0625
0 0.15745192307692307 0.5865384615384616 0.0829326923076923 0.3701923076923077
0 0.25841346153846156 0.5721153846153846 0.09134615384615384 0.3894230769230769
0 0.2860576923076923 0.47836538461538464 0.018028846153846152 0.08052884615384616
0 0.30649038461538464 0.4831730769230769 0.028846153846153848 0.10216346153846154
0 0.3581730769230769 0.515625 0.042067307692307696 0.17908653846153846
0 0.4375 0.5216346153846154 0.054086538461538464 0.1875
0 0.5528846153846154 0.6899038461538461 0.14903846153846154 0.6177884615384616
0 0.9146634615384616 0.22355769230769232 0.025240384615384616 0.040865384615384616
0 0.9639423076923077 0.5372596153846154 0.07091346153846154 0.16105769230769232
0 0.9495192307692307 0.21394230769230768 0.027644230769230768 0.04567307692307692
0 0.9819711538461539 0.5348557692307693 0.03365384615384615 0.13221153846153846
1 0.021634615384615384 0.4675480769230769 0.038461538461538464 0.018028846153846152
1 0.02403846153846154 0.47836538461538464 0.042067307692307696 0.042067307692307696
1 0.02403846153846154 0.45552884615384615 0.04326923076923077 0.04927884615384615
1 0.046875 0.44350961538461536 0.06129807692307692 0.04927884615384615
1 0.1814903846153846 0.45072115384615385 0.015625 0.03485576923076923
1 0.2932692307692308 0.44711538461538464 0.025240384615384616 0.027644230769230768
1 0.33774038461538464 0.47716346153846156 0.07211538461538461 0.09375
1 0.5588942307692307 0.5084134615384616 0.21153846153846154 0.12860576923076922
1 0.7920673076923077 0.7415865384615384 0.41346153846153844 0.5144230769230769