0 0.07451923076923077 0.7043269230769231 0.10697115384615384 0.5649038461538461
0 0.5072115384615384 0.6201923076923077 0.021634615384615384 0.11057692307692307
0 0.5600961538461539 0.6153846153846154 0.01201923076923077 0.09975961538461539
0 0.8990384615384616 0.5649038461538461 0.02403846153846154 0.06971153846153846
0 0.9375 0.5757211538461539 0.018028846153846152 0.14543269230769232
0 0.9615384615384616 0.5913461538461539 0.030048076923076924 0.1045673076923077
0 0.9699519230769231 0.5877403846153846 0.018028846153846152 0.09735576923076923
0 0.9915865384615384 0.6117788461538461 0.015625 0.19110576923076922
1 0.42427884615384615 0.6213942307692307 0.02403846153846154 0.06009615384615385
1 0.45552884615384615 0.6201923076923077 0.040865384615384616 0.040865384615384616
1 0.4831730769230769 0.6105769230769231 0.030048076923076924 0.04567307692307692