0 0.2848557692307692 0.24158653846153846 0.13221153846153846 0.3870192307692308
1 0.48197115384615385 0.53125 0.7475961538461539 0.6778846153846154
0 0.08653846153846154 0.09495192307692307 0.015625 0.09615384615384616
0 0.10697115384615384 0.08653846153846154 0.021634615384615384 0.109375
0 0.19831730769230768 0.1045673076923077 0.028846153846153848 0.11899038461538461
0 0.34975961538461536 0.1875 0.07572115384615384 0.36658653846153844
0 0.4519230769230769 0.16466346153846154 0.08533653846153846 0.28846153846153844
0 0.5324519230769231 0.06850961538461539 0.016826923076923076 0.04447115384615385
0 0.5540865384615384 0.06850961538461539 0.018028846153846152 0.03365384615384615
0 0.7115384615384616 0.08533653846153846 0.020432692307692308 0.109375
0 0.7295673076923077 0.08653846153846154 0.040865384615384616 0.11177884615384616
0 0.7596153846153846 0.09254807692307693 0.018028846153846152 0.10576923076923077
1 0.04326923076923077 0.10216346153846154 0.08653846153846154 0.078125
1 0.13581730769230768 0.41346153846153844 0.2704326923076923 0.4651442307692308
1 0.14903846153846154 0.10096153846153846 0.09134615384615384 0.08173076923076923
1 0.49278846153846156 0.07932692307692307 0.06370192307692307 0.09134615384615384
1 0.5865384615384616 0.09254807692307693 0.13701923076923078 0.12980769230769232
1 0.6935096153846154 0.10336538461538461 0.1310096153846154 0.10096153846153846
1 0.8365384615384616 0.1045673076923077 0.14783653846153846 0.11298076923076923
1 0.9459134615384616 0.10817307692307693 0.10576923076923077 0.109375