0 0.2956730769230769 0.47836538461538464 0.14783653846153846 0.5492788461538461
0 0.4338942307692308 0.4567307692307692 0.13942307692307693 0.5276442307692307
0 0.5564903846153846 0.5733173076923077 0.2800480769230769 0.8509615384615384
0 0.6622596153846154 0.43149038461538464 0.10096153846153846 0.42427884615384615
0 0.8004807692307693 0.5024038461538461 0.21634615384615385 0.5769230769230769
0 0.8954326923076923 0.53125 0.20793269230769232 0.9350961538461539
0 0.8617788461538461 0.2704326923076923 0.040865384615384616 0.0625
1 0.14783653846153846 0.42788461538461536 0.29447115384615385 0.27283653846153844
1 0.20673076923076922 0.2536057692307692 0.055288461538461536 0.0889423076923077
1 0.31490384615384615 0.2848557692307692 0.15264423076923078 0.13581730769230768
1 0.5516826923076923 0.30649038461538464 0.12620192307692307 0.07932692307692307