1 0.5 0.7896634615384616 0.20432692307692307 0.2548076923076923
0 0.057692307692307696 0.5709134615384616 0.015625 0.0673076923076923
0 0.0985576923076923 0.609375 0.026442307692307692 0.06850961538461539
0 0.3161057692307692 0.8677884615384616 0.038461538461538464 0.09254807692307693
0 0.35697115384615385 0.9134615384615384 0.038461538461538464 0.13581730769230768
0 0.3894230769230769 0.32091346153846156 0.02283653846153846 0.05889423076923077
0 0.4266826923076923 0.13221153846153846 0.021634615384615384 0.0829326923076923
0 0.43990384615384615 0.5552884615384616 0.02283653846153846 0.052884615384615384
0 0.46153846153846156 0.5913461538461539 0.025240384615384616 0.10336538461538461
0 0.5120192307692307 0.5324519230769231 0.039663461538461536 0.08653846153846154
1 0.6838942307692307 0.6862980769230769 0.23798076923076922 0.24278846153846154