0 0.875 0.28365384615384615 0.1045673076923077 0.3798076923076923
1 0.5252403846153846 0.5961538461538461 0.8942307692307693 0.8052884615384616
0 0.140625 0.15985576923076922 0.014423076923076924 0.054086538461538464
0 0.18870192307692307 0.16105769230769232 0.020432692307692308 0.046875
0 0.25240384615384615 0.1778846153846154 0.026442307692307692 0.025240384615384616
0 0.2848557692307692 0.16466346153846154 0.028846153846153848 0.036057692307692304
0 0.32211538461538464 0.15985576923076922 0.03365384615384615 0.06129807692307692
0 0.43149038461538464 0.15504807692307693 0.02283653846153846 0.06610576923076923
0 0.46033653846153844 0.14903846153846154 0.020432692307692308 0.05889423076923077
0 0.5396634615384616 0.12259615384615384 0.025240384615384616 0.04807692307692308
0 0.5697115384615384 0.13341346153846154 0.027644230769230768 0.038461538461538464
0 0.6117788461538461 0.13822115384615385 0.028846153846153848 0.0889423076923077
1 0.03125 0.33052884615384615 0.0625 0.2956730769230769
1 0.057692307692307696 0.15264423076923078 0.11538461538461539 0.1466346153846154