1 0.42427884615384615 0.47836538461538464 0.7475961538461539 0.8040865384615384
0 0.05048076923076923 0.32211538461538464 0.10096153846153846 0.6442307692307693
0 0.12740384615384615 0.18389423076923078 0.18389423076923078 0.36778846153846156
0 0.23557692307692307 0.08533653846153846 0.08653846153846154 0.17067307692307693
0 0.6526442307692307 0.07451923076923077 0.055288461538461536 0.14903846153846154
0 0.6911057692307693 0.09254807692307693 0.039663461538461536 0.18389423076923078
0 0.7584134615384616 0.052884615384615384 0.036057692307692304 0.10576923076923077
0 0.8064903846153846 0.125 0.07572115384615384 0.24879807692307693
1 0.25721153846153844 0.06370192307692307 0.15264423076923078 0.12740384615384615
1 0.36778846153846156 0.09615384615384616 0.20673076923076922 0.19230769230769232
1 0.625 0.054086538461538464 0.046875 0.10817307692307693
1 0.8713942307692307 0.16706730769230768 0.25240384615384615 0.33413461538461536