0 0.3076923076923077 0.4495192307692308 0.042067307692307696 0.06490384615384616
0 0.38461538461538464 0.4362980769230769 0.027644230769230768 0.04326923076923077
0 0.41346153846153844 0.45072115384615385 0.019230769230769232 0.03485576923076923
0 0.43509615384615385 0.44350961538461536 0.020432692307692308 0.039663461538461536
0 0.4891826923076923 0.4567307692307692 0.020432692307692308 0.026442307692307692
0 0.53125 0.4987980769230769 0.04567307692307692 0.12259615384615384
0 0.59375 0.5120192307692307 0.03125 0.15504807692307693
0 0.6129807692307693 0.5 0.036057692307692304 0.16826923076923078
0 0.6526442307692307 0.4963942307692308 0.040865384615384616 0.15985576923076922
0 0.6634615384615384 0.5108173076923077 0.03485576923076923 0.16826923076923078
0 0.6850961538461539 0.5144230769230769 0.038461538461538464 0.18990384615384615
0 0.7139423076923077 0.5024038461538461 0.02283653846153846 0.12620192307692307
0 0.765625 0.4963942307692308 0.12620192307692307 0.28365384615384615
0 0.7608173076923077 0.46875 0.026442307692307692 0.06971153846153846
0 0.8545673076923077 0.5084134615384616 0.06370192307692307 0.1778846153846154
0 0.9122596153846154 0.4963942307692308 0.07091346153846154 0.2091346153846154
1 0.34134615384615385 0.5793269230769231 0.39302884615384615 0.24519230769230768