0 0.2776442307692308 0.29447115384615385 0.08653846153846154 0.25721153846153844
1 0.5084134615384616 0.5733173076923077 0.9350961538461539 0.5709134615384616
0 0.03125 0.34615384615384615 0.0625 0.26802884615384615
0 0.10336538461538461 0.33413461538461536 0.08052884615384616 0.25240384615384615
0 0.17307692307692307 0.33653846153846156 0.06490384615384616 0.22956730769230768
0 0.21394230769230768 0.3245192307692308 0.04807692307692308 0.24519230769230768
0 0.3713942307692308 0.28846153846153844 0.06971153846153846 0.23798076923076922
0 0.4254807692307692 0.28365384615384615 0.028846153846153848 0.1502403846153846
0 0.4651442307692308 0.27524038461538464 0.036057692307692304 0.1310096153846154
0 0.5757211538461539 0.265625 0.06610576923076923 0.1502403846153846
0 0.6141826923076923 0.27884615384615385 0.06009615384615385 0.12379807692307693
0 0.8701923076923077 0.30649038461538464 0.04567307692307692 0.14783653846153846
0 0.9206730769230769 0.29447115384615385 0.051682692307692304 0.15985576923076922
0 0.9627403846153846 0.34975961538461536 0.07211538461538461 0.2920673076923077
1 0.6766826923076923 0.27403846153846156 0.13822115384615385 0.11538461538461539
1 0.6959134615384616 0.18269230769230768 0.08774038461538461 0.12980769230769232