0 0.546875 0.6057692307692307 0.0985576923076923 0.21875
0 0.23557692307692307 0.6141826923076923 0.12740384615384615 0.35336538461538464
0 0.34375 0.5240384615384616 0.078125 0.20072115384615385
0 0.3641826923076923 0.4735576923076923 0.037259615384615384 0.07211538461538461
0 0.40024038461538464 0.5372596153846154 0.06370192307692307 0.17548076923076922
0 0.4098557692307692 0.46153846153846156 0.06370192307692307 0.08413461538461539
0 0.453125 0.5661057692307693 0.07692307692307693 0.18028846153846154
0 0.5504807692307693 0.5 0.06850961538461539 0.11177884615384616
0 0.6262019230769231 0.5480769230769231 0.0733173076923077 0.20552884615384615
0 0.6490384615384616 0.4495192307692308 0.028846153846153848 0.038461538461538464
1 0.15865384615384615 0.6129807692307693 0.3173076923076923 0.33052884615384615