1 0.7439903846153846 0.18389423076923078 0.10216346153846154 0.11658653846153846
0 0.027644230769230768 0.40384615384615385 0.055288461538461536 0.15625
0 0.040865384615384616 0.3449519230769231 0.018028846153846152 0.04567307692307692
0 0.16706730769230768 0.4651442307692308 0.06009615384615385 0.09615384615384616
0 0.21995192307692307 0.33413461538461536 0.03125 0.04927884615384615
0 0.2548076923076923 0.32091346153846156 0.040865384615384616 0.0673076923076923
0 0.30408653846153844 0.46875 0.057692307692307696 0.09495192307692307
0 0.4735576923076923 0.4254807692307692 0.04447115384615385 0.16947115384615385
0 0.5240384615384616 0.42908653846153844 0.046875 0.16346153846153846
0 0.5456730769230769 0.3557692307692308 0.014423076923076924 0.038461538461538464
0 0.5576923076923077 0.43028846153846156 0.039663461538461536 0.17427884615384615
0 0.5865384615384616 0.42788461538461536 0.037259615384615384 0.16105769230769232
0 0.796875 0.41346153846153844 0.07932692307692307 0.17668269230769232
0 0.8028846153846154 0.40625 0.06971153846153846 0.15625
0 0.8725961538461539 0.359375 0.05889423076923077 0.12980769230769232
0 0.8762019230769231 0.3605769230769231 0.04807692307692308 0.16346153846153846
0 0.96875 0.4014423076923077 0.06129807692307692 0.17908653846153846
0 0.9699519230769231 0.39783653846153844 0.05889423076923077 0.13341346153846154
0 0.9891826923076923 0.09735576923076923 0.019230769230769232 0.11298076923076923
1 0.23798076923076922 0.6021634615384616 0.4387019230769231 0.4579326923076923
1 0.171875 0.3088942307692308 0.12620192307692307 0.14302884615384615
1 0.40024038461538464 0.07692307692307693 0.0985576923076923 0.109375
1 0.6129807692307693 0.38341346153846156 0.11899038461538461 0.15264423076923078
1 0.9447115384615384 0.32572115384615385 0.10817307692307693 0.12139423076923077