0 0.12740384615384615 0.7668269230769231 0.20192307692307693 0.36778846153846156
0 0.10697115384615384 0.38221153846153844 0.06129807692307692 0.07572115384615384
0 0.18509615384615385 0.5817307692307693 0.11298076923076923 0.23197115384615385
0 0.24158653846153846 0.3088942307692308 0.036057692307692304 0.18990384615384615
0 0.25 0.1971153846153846 0.021634615384615384 0.06370192307692307
0 0.26802884615384615 0.35216346153846156 0.051682692307692304 0.20192307692307693
0 0.36899038461538464 0.3629807692307692 0.052884615384615384 0.203125
0 0.8185096153846154 0.47115384615384615 0.046875 0.3076923076923077
0 0.9050480769230769 0.49399038461538464 0.08173076923076923 0.34615384615384615
1 0.20072115384615385 0.14783653846153846 0.02403846153846154 0.014423076923076924
1 0.28365384615384615 0.16105769230769232 0.046875 0.027644230769230768
1 0.36177884615384615 0.18870192307692307 0.056490384615384616 0.0625
1 0.3798076923076923 0.14783653846153846 0.04447115384615385 0.021634615384615384
1 0.38221153846153844 0.16466346153846154 0.038461538461538464 0.04927884615384615
1 0.4050480769230769 0.16466346153846154 0.018028846153846152 0.036057692307692304
1 0.4326923076923077 0.14903846153846154 0.04927884615384615 0.025240384615384616
1 0.4807692307692308 0.12980769230769232 0.02403846153846154 0.020432692307692308
1 0.4963942307692308 0.140625 0.03485576923076923 0.02283653846153846
1 0.5132211538461539 0.12860576923076922 0.018028846153846152 0.010817307692307692
1 0.5288461538461539 0.1201923076923077 0.013221153846153846 0.013221153846153846
1 0.546875 0.15504807692307693 0.02283653846153846 0.03245192307692308
1 0.5853365384615384 0.1201923076923077 0.013221153846153846 0.013221153846153846
1 0.6129807692307693 0.12139423076923077 0.019230769230769232 0.014423076923076924
1 0.6790865384615384 0.20673076923076922 0.08413461538461539 0.05889423076923077
1 0.9134615384615384 0.13341346153846154 0.04326923076923077 0.026442307692307692