0 0.11057692307692307 0.6069711538461539 0.22115384615384615 0.43028846153846156
0 0.052884615384615384 0.33413461538461536 0.06971153846153846 0.3004807692307692
0 0.1045673076923077 0.4699519230769231 0.13701923076923078 0.234375
0 0.0673076923076923 0.22115384615384615 0.04567307692307692 0.140625
0 0.12740384615384615 0.23798076923076922 0.037259615384615384 0.11057692307692307
0 0.234375 0.30649038461538464 0.10817307692307693 0.2956730769230769
0 0.25721153846153844 0.18269230769230768 0.055288461538461536 0.11538461538461539
0 0.28365384615384615 0.23798076923076922 0.026442307692307692 0.11538461538461539
0 0.32211538461538464 0.24158653846153846 0.038461538461538464 0.12259615384615384
0 0.37740384615384615 0.22716346153846154 0.05048076923076923 0.14302884615384615
0 0.44471153846153844 0.2644230769230769 0.15985576923076922 0.16826923076923078
0 0.4411057692307692 0.20192307692307693 0.037259615384615384 0.04326923076923077
0 0.5192307692307693 0.23197115384615385 0.04927884615384615 0.15504807692307693
0 0.5480769230769231 0.22355769230769232 0.025240384615384616 0.11057692307692307
0 0.640625 0.22115384615384615 0.051682692307692304 0.12620192307692307
0 0.7367788461538461 0.22596153846153846 0.10216346153846154 0.1814903846153846
0 0.8942307692307693 0.4807692307692308 0.19471153846153846 0.6802884615384616
0 0.8665865384615384 0.16706730769230768 0.11899038461538461 0.1141826923076923
0 0.9507211538461539 0.20552884615384615 0.03365384615384615 0.07572115384615384
1 0.018028846153846152 0.30528846153846156 0.036057692307692304 0.21634615384615385
1 0.49278846153846156 0.5396634615384616 0.6947115384615384 0.6057692307692307