0 0.18269230769230768 0.7644230769230769 0.06850961538461539 0.25600961538461536
1 0.8894230769230769 0.7103365384615384 0.16947115384615385 0.1141826923076923
0 0.125 0.7439903846153846 0.06129807692307692 0.29086538461538464
0 0.3245192307692308 0.6814903846153846 0.026442307692307692 0.15745192307692307
0 0.34975961538461536 0.6814903846153846 0.028846153846153848 0.15384615384615385
0 0.3798076923076923 0.6706730769230769 0.018028846153846152 0.10697115384615384
0 0.3954326923076923 0.6850961538461539 0.026442307692307692 0.1346153846153846
0 0.42427884615384615 0.6610576923076923 0.010817307692307692 0.07451923076923077
0 0.43509615384615385 0.6610576923076923 0.010817307692307692 0.07091346153846154
0 0.45913461538461536 0.65625 0.021634615384615384 0.06370192307692307
0 0.49278846153846156 0.65625 0.014423076923076924 0.07932692307692307
1 0.6490384615384616 0.6875 0.140625 0.1141826923076923
1 0.7596153846153846 0.6850961538461539 0.0733173076923077 0.09134615384615384
1 0.7463942307692307 0.6430288461538461 0.013221153846153846 0.010817307692307692
1 0.8004807692307693 0.671875 0.028846153846153848 0.05048076923076923
1 0.8161057692307693 0.6442307692307693 0.02403846153846154 0.042067307692307696
1 0.8834134615384616 0.6430288461538461 0.03125 0.027644230769230768