0 0.14783653846153846 0.5384615384615384 0.014423076923076924 0.057692307692307696
0 0.17427884615384615 0.5384615384615384 0.015625 0.0733173076923077
0 0.21033653846153846 0.5108173076923077 0.014423076923076924 0.046875
0 0.2608173076923077 0.5805288461538461 0.08533653846153846 0.203125
0 0.3401442307692308 0.5480769230769231 0.03125 0.12259615384615384
0 0.3545673076923077 0.5444711538461539 0.036057692307692304 0.12259615384615384
0 0.40024038461538464 0.5504807692307693 0.038461538461538464 0.14423076923076922
0 0.4567307692307692 0.5144230769230769 0.03245192307692308 0.10096153846153846
0 0.49158653846153844 0.5612980769230769 0.039663461538461536 0.171875
0 0.5745192307692307 0.5204326923076923 0.025240384615384616 0.11298076923076923
1 0.04567307692307692 0.5564903846153846 0.07932692307692307 0.08413461538461539