0 0.5192307692307693 0.8221153846153846 0.08173076923076923 0.12259615384615384
0 0.16346153846153846 0.8076923076923077 0.04567307692307692 0.057692307692307696
0 0.21394230769230768 0.8016826923076923 0.04326923076923077 0.036057692307692304
0 0.24759615384615385 0.8173076923076923 0.0673076923076923 0.1045673076923077
0 0.2764423076923077 0.8161057692307693 0.03365384615384615 0.06610576923076923
0 0.35096153846153844 0.8161057692307693 0.056490384615384616 0.08413461538461539
0 0.4050480769230769 0.796875 0.055288461538461536 0.055288461538461536
0 0.44591346153846156 0.8100961538461539 0.05048076923076923 0.08413461538461539
1 0.0673076923076923 0.9483173076923077 0.1346153846153846 0.0985576923076923
1 0.4579326923076923 0.9350961538461539 0.3942307692307692 0.12740384615384615
1 0.7367788461538461 0.9134615384615384 0.36899038461538464 0.12740384615384615
1 0.9014423076923077 0.8942307692307693 0.1935096153846154 0.13942307692307693