1 0.4735576923076923 0.4963942307692308 0.8221153846153846 0.9314903846153846
0 0.41225961538461536 0.1502403846153846 0.11538461538461539 0.11899038461538461
0 0.5745192307692307 0.14182692307692307 0.11538461538461539 0.1346153846153846
0 0.7487980769230769 0.0985576923076923 0.054086538461538464 0.15985576923076922
0 0.8161057692307693 0.11177884615384616 0.0673076923076923 0.21514423076923078
0 0.8882211538461539 0.05048076923076923 0.055288461538461536 0.06610576923076923
0 0.8966346153846154 0.05889423076923077 0.038461538461538464 0.051682692307692304
1 0.18990384615384615 0.09014423076923077 0.24879807692307693 0.171875
1 0.5024038461538461 0.018028846153846152 0.09134615384615384 0.021634615384615384
1 0.6754807692307693 0.10096153846153846 0.06370192307692307 0.10216346153846154
1 0.7824519230769231 0.10216346153846154 0.03245192307692308 0.09254807692307693
1 0.9086538461538461 0.17548076923076922 0.18028846153846154 0.35096153846153844