0 0.8569711538461539 0.6274038461538461 0.24278846153846154 0.7139423076923077
1 0.28125 0.609375 0.5384615384615384 0.5552884615384616
0 0.015625 0.41346153846153844 0.03125 0.125
0 0.11298076923076923 0.40625 0.040865384615384616 0.12620192307692307
0 0.1502403846153846 0.4110576923076923 0.016826923076923076 0.10216346153846154
0 0.5408653846153846 0.39903846153846156 0.007211538461538462 0.039663461538461536
0 0.5480769230769231 0.39903846153846156 0.007211538461538462 0.03485576923076923
0 0.5576923076923077 0.4014423076923077 0.007211538461538462 0.03245192307692308
0 0.5697115384615384 0.3942307692307692 0.007211538461538462 0.04927884615384615
0 0.5805288461538461 0.40024038461538464 0.003605769230769231 0.028846153846153848
0 0.5901442307692307 0.40384615384615385 0.007211538461538462 0.036057692307692304
0 0.6045673076923077 0.40024038461538464 0.013221153846153846 0.04447115384615385
0 0.6117788461538461 0.4110576923076923 0.020432692307692308 0.11778846153846154
0 0.6237980769230769 0.45072115384615385 0.03365384615384615 0.15264423076923078
0 0.6370192307692307 0.4519230769230769 0.04567307692307692 0.2283653846153846
0 0.6490384615384616 0.49399038461538464 0.038461538461538464 0.2848557692307692
0 0.6706730769230769 0.5120192307692307 0.07572115384615384 0.3737980769230769
0 0.7307692307692307 0.6213942307692307 0.12980769230769232 0.5985576923076923
0 0.9663461538461539 0.4519230769230769 0.06490384615384616 0.27163461538461536