0 0.46875 0.7475961538461539 0.054086538461538464 0.3389423076923077
0 0.051682692307692304 0.6766826923076923 0.0889423076923077 0.265625
0 0.11899038461538461 0.5396634615384616 0.0625 0.34375
0 0.16105769230769232 0.5180288461538461 0.052884615384615384 0.31971153846153844
0 0.20432692307692307 0.5841346153846154 0.03365384615384615 0.3786057692307692
0 0.24158653846153846 0.5600961538461539 0.04447115384615385 0.421875
0 0.6069711538461539 0.640625 0.04447115384615385 0.2127403846153846
0 0.6334134615384616 0.6237980769230769 0.038461538461538464 0.21995192307692307
0 0.6586538461538461 0.609375 0.036057692307692304 0.234375
0 0.8521634615384616 0.35216346153846156 0.04567307692307692 0.22235576923076922
1 0.3545673076923077 0.7271634615384616 0.08774038461538461 0.12740384615384615