0 0.09495192307692307 0.5372596153846154 0.0733173076923077 0.22115384615384615
0 0.26802884615384615 0.44591346153846156 0.052884615384615384 0.19110576923076922
0 0.41225961538461536 0.5240384615384616 0.10576923076923077 0.19831730769230768
0 0.515625 0.5721153846153846 0.09615384615384616 0.2776442307692308
0 0.625 0.48197115384615385 0.06009615384615385 0.23317307692307693
0 0.6021634615384616 0.4579326923076923 0.004807692307692308 0.037259615384615384
0 0.6622596153846154 0.4206730769230769 0.021634615384615384 0.06850961538461539
0 0.7127403846153846 0.37259615384615385 0.021634615384615384 0.037259615384615384
0 0.7259615384615384 0.4110576923076923 0.026442307692307692 0.10576923076923077
0 0.7391826923076923 0.4230769230769231 0.03365384615384615 0.10576923076923077
0 0.7692307692307693 0.47596153846153844 0.09134615384615384 0.0985576923076923
1 0.07932692307692307 0.5564903846153846 0.15865384615384615 0.36177884615384615
1 0.14903846153846154 0.5024038461538461 0.13581730769230768 0.2536057692307692
1 0.4423076923076923 0.6310096153846154 0.24519230769230768 0.5444711538461539