1 0.36177884615384615 0.8052884615384616 0.13701923076923078 0.06971153846153846
0 0.09014423076923077 0.796875 0.03125 0.051682692307692304
0 0.28125 0.7932692307692307 0.020432692307692308 0.039663461538461536
0 0.31971153846153844 0.7860576923076923 0.025240384615384616 0.026442307692307692
0 0.4951923076923077 0.8100961538461539 0.040865384615384616 0.109375
0 0.5793269230769231 0.8040865384615384 0.04567307692307692 0.06610576923076923
0 0.6310096153846154 0.7992788461538461 0.03365384615384615 0.04807692307692308
0 0.6875 0.8004807692307693 0.046875 0.0673076923076923
0 0.7259615384615384 0.7908653846153846 0.020432692307692308 0.07932692307692307
0 0.7487980769230769 0.8100961538461539 0.037259615384615384 0.08173076923076923
0 0.7908653846153846 0.8052884615384616 0.04567307692307692 0.10096153846153846
0 0.8461538461538461 0.7680288461538461 0.027644230769230768 0.07211538461538461
1 0.5504807692307693 0.8004807692307693 0.09014423076923077 0.055288461538461536
1 0.6129807692307693 0.7932692307692307 0.04326923076923077 0.040865384615384616
1 0.6454326923076923 0.7884615384615384 0.057692307692307696 0.027644230769230768