0 0.7247596153846154 0.8545673076923077 0.33774038461538464 0.2704326923076923
1 0.3605769230769231 0.4411057692307692 0.2548076923076923 0.12379807692307693
0 0.06610576923076923 0.7127403846153846 0.12980769230769232 0.5721153846153846
0 0.15144230769230768 0.5360576923076923 0.13822115384615385 0.14302884615384615
0 0.2644230769230769 0.7692307692307693 0.34615384615384615 0.45913461538461536
0 0.18870192307692307 0.46634615384615385 0.06370192307692307 0.06129807692307692
0 0.35336538461538464 0.7391826923076923 0.17548076923076922 0.24278846153846154
0 0.43509615384615385 0.828125 0.3389423076923077 0.34134615384615385
0 0.3173076923076923 0.578125 0.0625 0.09014423076923077
1 0.07211538461538461 0.375 0.03125 0.03365384615384615
1 0.11298076923076923 0.3858173076923077 0.03125 0.03365384615384615
1 0.14543269230769232 0.39302884615384615 0.056490384615384616 0.046875
1 0.25240384615384615 0.4026442307692308 0.06850961538461539 0.05889423076923077
1 0.8701923076923077 0.5216346153846154 0.25600961538461536 0.21153846153846154