0 0.10576923076923077 0.6334134615384616 0.0673076923076923 0.3112980769230769
0 0.036057692307692304 0.7992788461538461 0.07211538461538461 0.40024038461538464
0 0.1502403846153846 0.5228365384615384 0.03365384615384615 0.0625
0 0.25721153846153844 0.4891826923076923 0.03365384615384615 0.06850961538461539
0 0.3329326923076923 0.49278846153846156 0.020432692307692308 0.025240384615384616
0 0.8052884615384616 0.8461538461538461 0.3737980769230769 0.30408653846153844
0 0.6514423076923077 0.48197115384615385 0.02403846153846154 0.038461538461538464
0 0.6742788461538461 0.484375 0.02283653846153846 0.05889423076923077
0 0.7055288461538461 0.5120192307692307 0.04927884615384615 0.09975961538461539
0 0.8329326923076923 0.5276442307692307 0.040865384615384616 0.16706730769230768
0 0.8725961538461539 0.484375 0.02403846153846154 0.10216346153846154
0 0.9314903846153846 0.8737980769230769 0.1346153846153846 0.25
0 0.8930288461538461 0.49278846153846156 0.03125 0.0985576923076923
0 0.9002403846153846 0.42908653846153844 0.013221153846153846 0.020432692307692308
0 0.9074519230769231 0.5336538461538461 0.02403846153846154 0.09254807692307693
0 0.9314903846153846 0.5228365384615384 0.03365384615384615 0.13822115384615385
0 0.9447115384615384 0.46634615384615385 0.01201923076923077 0.051682692307692304
0 0.9615384615384616 0.4723557692307692 0.014423076923076924 0.054086538461538464
1 0.5492788461538461 0.7007211538461539 0.6947115384615384 0.4495192307692308