1 0.49158653846153844 0.5877403846153846 0.7764423076923077 0.6117788461538461
0 0.2548076923076923 0.20552884615384615 0.018028846153846152 0.040865384615384616
0 0.29447115384615385 0.20192307692307693 0.02403846153846154 0.03365384615384615
0 0.328125 0.23557692307692307 0.03365384615384615 0.07211538461538461
0 0.36658653846153844 0.2439903846153846 0.038461538461538464 0.05048076923076923
0 0.39903846153846156 0.24519230769230768 0.028846153846153848 0.042067307692307696
0 0.4519230769230769 0.28125 0.036057692307692304 0.13581730769230768
0 0.4855769230769231 0.27403846153846156 0.038461538461538464 0.17307692307692307
0 0.5300480769230769 0.27403846153846156 0.04447115384615385 0.17067307692307693
0 0.671875 0.25721153846153844 0.06490384615384616 0.12620192307692307
0 0.8353365384615384 0.35096153846153844 0.10336538461538461 0.3798076923076923
1 0.14302884615384615 0.42788461538461536 0.28365384615384615 0.2704326923076923