0 0.390625 0.4338942307692308 0.07091346153846154 0.15144230769230768
0 0.1502403846153846 0.5252403846153846 0.036057692307692304 0.04326923076923077
0 0.49158653846153844 0.4675480769230769 0.06490384615384616 0.15865384615384615
0 0.5324519230769231 0.4579326923076923 0.020432692307692308 0.0673076923076923
0 0.5456730769230769 0.47475961538461536 0.036057692307692304 0.09014423076923077
0 0.5805288461538461 0.4567307692307692 0.052884615384615384 0.0889423076923077
0 0.6274038461538461 0.4483173076923077 0.04927884615384615 0.057692307692307696
0 0.6454326923076923 0.4879807692307692 0.06971153846153846 0.1875
0 0.7055288461538461 0.47475961538461536 0.05048076923076923 0.13221153846153846
0 0.7848557692307693 0.4951923076923077 0.06490384615384616 0.16105769230769232
1 0.019230769230769232 0.5192307692307693 0.038461538461538464 0.042067307692307696
1 0.11899038461538461 0.5733173076923077 0.23677884615384615 0.20432692307692307