0 0.04567307692307692 0.16706730769230768 0.028846153846153848 0.12620192307692307
0 0.0985576923076923 0.13581730769230768 0.025240384615384616 0.06490384615384616
0 0.19591346153846154 0.13822115384615385 0.018028846153846152 0.039663461538461536
0 0.19591346153846154 0.1141826923076923 0.015625 0.03245192307692308
0 0.2764423076923077 0.13942307692307693 0.0625 0.171875
0 0.5444711538461539 0.22956730769230768 0.027644230769230768 0.0733173076923077
0 0.5877403846153846 0.11658653846153846 0.026442307692307692 0.025240384615384616
0 0.640625 0.13341346153846154 0.008413461538461538 0.038461538461538464
0 0.6911057692307693 0.16947115384615385 0.0673076923076923 0.18269230769230768
0 0.8185096153846154 0.09735576923076923 0.019230769230769232 0.051682692307692304
0 0.828125 0.13581730769230768 0.03125 0.10697115384615384
1 0.02403846153846154 0.15865384615384615 0.046875 0.0889423076923077
1 0.5024038461538461 0.4675480769230769 0.9579326923076923 0.7764423076923077
1 0.13822115384615385 0.1778846153846154 0.12860576923076922 0.10096153846153846
1 0.7728365384615384 0.3473557692307692 0.453125 0.31490384615384615
1 0.9615384615384616 0.22956730769230768 0.07451923076923077 0.06009615384615385