0 0.15865384615384615 0.36658653846153844 0.02403846153846154 0.038461538461538464
0 0.34375 0.40625 0.015625 0.03125
0 0.5204326923076923 0.46153846153846156 0.06129807692307692 0.09975961538461539
0 0.6322115384615384 0.48197115384615385 0.06971153846153846 0.0985576923076923
0 0.7007211538461539 0.4675480769230769 0.03245192307692308 0.04567307692307692
0 0.7608173076923077 0.4387019230769231 0.014423076923076924 0.025240384615384616
0 0.8257211538461539 0.46274038461538464 0.006009615384615385 0.09615384615384616
0 0.8377403846153846 0.46875 0.02283653846153846 0.11658653846153846
0 0.8858173076923077 0.46153846153846156 0.038461538461538464 0.296875
0 0.9098557692307693 0.47836538461538464 0.037259615384615384 0.2860576923076923
0 0.9447115384615384 0.4519230769230769 0.07211538461538461 0.46274038461538464
1 0.016826923076923076 0.46033653846153844 0.03365384615384615 0.15264423076923078
1 0.23677884615384615 0.4891826923076923 0.47115384615384615 0.3557692307692308
1 0.4651442307692308 0.45552884615384615 0.07211538461538461 0.07211538461538461
1 0.7860576923076923 0.4639423076923077 0.036057692307692304 0.04567307692307692