0 0.06850961538461539 0.5709134615384616 0.13701923076923078 0.7620192307692307
0 0.09375 0.8052884615384616 0.09495192307692307 0.3004807692307692
0 0.2548076923076923 0.5432692307692307 0.22355769230769232 0.8605769230769231
0 0.203125 0.5444711538461539 0.09975961538461539 0.8485576923076923
0 0.38822115384615385 0.5336538461538461 0.12259615384615384 0.6502403846153846
0 0.4375 0.3557692307692308 0.09735576923076923 0.25600961538461536
0 0.7956730769230769 0.33653846153846156 0.11298076923076923 0.17067307692307693
0 0.8100961538461539 0.14903846153846154 0.08173076923076923 0.1658653846153846
0 0.8954326923076923 0.2800480769230769 0.11057692307692307 0.2980769230769231
0 0.953125 0.32091346153846156 0.09254807692307693 0.4014423076923077
1 0.5420673076923077 0.6045673076923077 0.9134615384615384 0.5408653846153846