1 0.06610576923076923 0.25 0.11177884615384616 0.12259615384615384
0 0.019230769230769232 0.21634615384615385 0.018028846153846152 0.028846153846153848
0 0.234375 0.7019230769230769 0.24519230769230768 0.5913461538461539
0 0.31850961538461536 0.1875 0.042067307692307696 0.04807692307692308
0 0.31971153846153844 0.171875 0.02283653846153846 0.05889423076923077
0 0.5072115384615384 0.4254807692307692 0.125 0.4567307692307692
0 0.46634615384615385 0.18269230769230768 0.025240384615384616 0.02283653846153846
0 0.6298076923076923 0.3317307692307692 0.05889423076923077 0.2704326923076923
0 0.6538461538461539 0.32091346153846156 0.051682692307692304 0.2536057692307692
0 0.8112980769230769 0.6850961538461539 0.32091346153846156 0.6262019230769231
0 0.7415865384615384 0.19951923076923078 0.007211538461538462 0.03125
0 0.7487980769230769 0.19951923076923078 0.008413461538461538 0.03125
1 0.014423076923076924 0.2403846153846154 0.028846153846153848 0.042067307692307696
1 0.6862980769230769 0.21875 0.026442307692307692 0.039663461538461536
1 0.8149038461538461 0.20192307692307693 0.040865384615384616 0.040865384615384616
1 0.8485576923076923 0.21033653846153846 0.07211538461538461 0.046875
1 0.9495192307692307 0.1935096153846154 0.02403846153846154 0.025240384615384616
1 0.984375 0.19591346153846154 0.028846153846153848 0.026442307692307692