0 0.7512019230769231 0.5757211538461539 0.0733173076923077 0.3004807692307692
0 0.23557692307692307 0.6899038461538461 0.11538461538461539 0.44711538461538464
0 0.29086538461538464 0.4963942307692308 0.055288461538461536 0.09975961538461539
0 0.390625 0.4855769230769231 0.055288461538461536 0.14182692307692307
0 0.4182692307692308 0.5180288461538461 0.028846153846153848 0.06009615384615385
0 0.5 0.6598557692307693 0.12259615384615384 0.46033653846153844
0 0.5564903846153846 0.5348557692307693 0.0829326923076923 0.296875
0 0.6129807692307693 0.6298076923076923 0.07091346153846154 0.20192307692307693
0 0.6454326923076923 0.5480769230769231 0.07692307692307693 0.33052884615384615
0 0.6983173076923077 0.5444711538461539 0.04567307692307692 0.25240384615384615
1 0.8822115384615384 0.5012019230769231 0.04567307692307692 0.038461538461538464