0 0.5612980769230769 0.5961538461538461 0.05889423076923077 0.24278846153846154
0 0.07091346153846154 0.5456730769230769 0.042067307692307696 0.15745192307692307
0 0.21394230769230768 0.5757211538461539 0.051682692307692304 0.23197115384615385
0 0.25 0.5913461538461539 0.042067307692307696 0.21875
0 0.28125 0.5829326923076923 0.07091346153846154 0.32211538461538464
0 0.3629807692307692 0.5973557692307693 0.056490384615384616 0.33533653846153844
0 0.45072115384615385 0.6129807692307693 0.08774038461538461 0.30288461538461536
0 0.6538461538461539 0.5697115384615384 0.03365384615384615 0.16105769230769232
0 0.6971153846153846 0.5805288461538461 0.04927884615384615 0.1502403846153846
0 0.8149038461538461 0.5961538461538461 0.04326923076923077 0.15264423076923078
0 0.8665865384615384 0.5925480769230769 0.052884615384615384 0.20432692307692307
0 0.9663461538461539 0.6165865384615384 0.052884615384615384 0.2980769230769231
0 0.9603365384615384 0.5024038461538461 0.014423076923076924 0.030048076923076924
1 0.7295673076923077 0.5889423076923077 0.10697115384615384 0.125