1 0.5168269230769231 0.5576923076923077 0.16947115384615385 0.2091346153846154
0 0.13822115384615385 0.546875 0.015625 0.078125
0 0.15625 0.5456730769230769 0.027644230769230768 0.11298076923076923
0 0.18028846153846154 0.5564903846153846 0.016826923076923076 0.078125
0 0.21514423076923078 0.5528846153846154 0.018028846153846152 0.07211538461538461
0 0.2548076923076923 0.5504807692307693 0.021634615384615384 0.07692307692307693
0 0.27163461538461536 0.5492788461538461 0.013221153846153846 0.07572115384615384
0 0.29927884615384615 0.5504807692307693 0.013221153846153846 0.057692307692307696
0 0.31850961538461536 0.5408653846153846 0.010817307692307692 0.04807692307692308
0 0.4026442307692308 0.5324519230769231 0.015625 0.03365384615384615
0 0.5913461538461539 0.5625 0.018028846153846152 0.12620192307692307
0 0.609375 0.5564903846153846 0.02283653846153846 0.1502403846153846
0 0.7067307692307693 0.5528846153846154 0.04326923076923077 0.22235576923076922
0 0.7391826923076923 0.5492788461538461 0.03485576923076923 0.2127403846153846
0 0.8413461538461539 0.5564903846153846 0.04807692307692308 0.23798076923076922
0 0.8954326923076923 0.5685096153846154 0.038461538461538464 0.22355769230769232
0 0.9483173076923077 0.5721153846153846 0.037259615384615384 0.23317307692307693
0 0.9579326923076923 0.5600961538461539 0.04567307692307692 0.25