0 0.32572115384615385 0.20793269230769232 0.0985576923076923 0.23317307692307693
0 0.0733173076923077 0.4951923076923077 0.14543269230769232 0.3329326923076923
0 0.09375 0.4170673076923077 0.17307692307692307 0.2536057692307692
0 0.1045673076923077 0.4891826923076923 0.15865384615384615 0.34615384615384615
0 0.19591346153846154 0.44591346153846156 0.1310096153846154 0.2608173076923077
0 0.4170673076923077 0.22355769230769232 0.08653846153846154 0.2548076923076923
0 0.43028846153846156 0.18629807692307693 0.078125 0.2247596153846154
0 0.49158653846153844 0.16826923076923078 0.08533653846153846 0.22115384615384615
0 0.5336538461538461 0.13701923076923078 0.08413461538461539 0.25240384615384615
0 0.6165865384615384 0.057692307692307696 0.04927884615384615 0.11538461538461539
0 0.6586538461538461 0.04567307692307692 0.036057692307692304 0.09134615384615384
0 0.7007211538461539 0.06971153846153846 0.056490384615384616 0.13822115384615385
0 0.7548076923076923 0.027644230769230768 0.037259615384615384 0.054086538461538464
1 0.5288461538461539 0.4987980769230769 0.9375 0.9975961538461539