0 0.20432692307692307 0.7271634615384616 0.31850961538461536 0.1814903846153846
1 0.5829326923076923 0.9807692307692307 0.4831730769230769 0.036057692307692304
1 0.734375 0.9615384615384616 0.34134615384615385 0.07572115384615384
1 0.6370192307692307 0.8197115384615384 0.07091346153846154 0.039663461538461536
1 0.7043269230769231 0.8389423076923077 0.08533653846153846 0.051682692307692304
1 0.8088942307692307 0.9507211538461539 0.2932692307692308 0.09615384615384616
1 0.7692307692307693 0.859375 0.04326923076923077 0.06610576923076923
1 0.8317307692307693 0.7451923076923077 0.025240384615384616 0.025240384615384616
1 0.8966346153846154 0.7067307692307693 0.10096153846153846 0.06009615384615385
1 0.8798076923076923 0.7608173076923077 0.04567307692307692 0.040865384615384616
1 0.9387019230769231 0.7596153846153846 0.04567307692307692 0.030048076923076924