0 0.27524038461538464 0.5805288461538461 0.04927884615384615 0.19951923076923078
0 0.04927884615384615 0.5372596153846154 0.0625 0.16706730769230768
0 0.09615384615384616 0.4987980769230769 0.027644230769230768 0.13942307692307693
0 0.13341346153846154 0.5012019230769231 0.03245192307692308 0.13942307692307693
0 0.15865384615384615 0.4699519230769231 0.018028846153846152 0.1310096153846154
0 0.18509615384615385 0.46634615384615385 0.03125 0.11658653846153846
0 0.21875 0.5120192307692307 0.028846153846153848 0.1502403846153846
0 0.23798076923076922 0.5480769230769231 0.037259615384615384 0.1658653846153846
0 0.3425480769230769 0.5673076923076923 0.04447115384615385 0.17307692307692307
0 0.38822115384615385 0.5865384615384616 0.037259615384615384 0.18269230769230768
0 0.46875 0.5733173076923077 0.039663461538461536 0.21995192307692307
0 0.48197115384615385 0.5829326923076923 0.040865384615384616 0.19951923076923078
0 0.5348557692307693 0.6358173076923077 0.06009615384615385 0.21514423076923078
0 0.5420673076923077 0.6057692307692307 0.04447115384615385 0.2283653846153846
0 0.5805288461538461 0.5829326923076923 0.02403846153846154 0.19951923076923078
0 0.6105769230769231 0.5697115384615384 0.04807692307692308 0.1971153846153846
0 0.65625 0.5504807692307693 0.038461538461538464 0.17668269230769232
0 0.7043269230769231 0.5324519230769231 0.03125 0.15144230769230768
0 0.7620192307692307 0.7439903846153846 0.04927884615384615 0.29927884615384615
0 0.7560096153846154 0.4891826923076923 0.028846153846153848 0.06850961538461539
0 0.7752403846153846 0.4735576923076923 0.036057692307692304 0.0733173076923077
0 0.7884615384615384 0.5973557692307693 0.046875 0.10336538461538461
0 0.8137019230769231 0.6586538461538461 0.055288461538461536 0.12259615384615384
0 0.8052884615384616 0.44711538461538464 0.018028846153846152 0.0889423076923077
0 0.8209134615384616 0.5757211538461539 0.03365384615384615 0.1346153846153846
0 0.8269230769230769 0.43990384615384615 0.02283653846153846 0.06009615384615385
0 0.9122596153846154 0.6286057692307693 0.15144230769230768 0.13221153846153846
0 0.9230769230769231 0.7788461538461539 0.07451923076923077 0.10216346153846154
0 0.9050480769230769 0.6117788461538461 0.03125 0.16346153846153846
0 0.9375 0.5889423076923077 0.046875 0.15745192307692307
0 0.9447115384615384 0.6274038461538461 0.04927884615384615 0.11538461538461539
0 0.9771634615384616 0.6334134615384616 0.040865384615384616 0.11538461538461539
0 0.984375 0.5120192307692307 0.028846153846153848 0.07091346153846154
0 0.9855769230769231 0.5649038461538461 0.02403846153846154 0.0889423076923077
1 0.8413461538461539 0.5420673076923077 0.2692307692307692 0.17548076923076922
1 0.8774038461538461 0.8269230769230769 0.24278846153846154 0.2932692307692308