0 0.109375 0.5324519230769231 0.06129807692307692 0.3894230769230769
0 0.13822115384615385 0.2644230769230769 0.013221153846153846 0.06129807692307692
0 0.15144230769230768 0.2764423076923077 0.013221153846153846 0.038461538461538464
0 0.17427884615384615 0.27283653846153844 0.01201923076923077 0.042067307692307696
0 0.28846153846153844 0.23798076923076922 0.008413461538461538 0.051682692307692304
0 0.296875 0.23677884615384615 0.007211538461538462 0.036057692307692304
0 0.30288461538461536 0.23557692307692307 0.004807692307692308 0.042067307692307696
0 0.31009615384615385 0.23918269230769232 0.008413461538461538 0.039663461538461536
0 0.4879807692307692 0.4543269230769231 0.06490384615384616 0.3088942307692308
0 0.5745192307692307 0.6298076923076923 0.09735576923076923 0.5084134615384616
0 0.8449519230769231 0.4543269230769231 0.09615384615384616 0.40625
1 0.23677884615384615 0.2247596153846154 0.028846153846153848 0.036057692307692304
1 0.27884615384615385 0.23918269230769232 0.027644230769230768 0.038461538461538464
1 0.3894230769230769 0.2403846153846154 0.04447115384615385 0.030048076923076924
1 0.5552884615384616 0.23918269230769232 0.06370192307692307 0.038461538461538464
1 0.5817307692307693 0.22355769230769232 0.020432692307692308 0.02283653846153846
1 0.6730769230769231 0.3137019230769231 0.15625 0.12379807692307693
1 0.6502403846153846 0.22355769230769232 0.055288461538461536 0.026442307692307692
1 0.6478365384615384 0.23557692307692307 0.04326923076923077 0.046875
1 0.7151442307692307 0.22956730769230768 0.040865384615384616 0.039663461538461536
1 0.7740384615384616 0.24879807692307693 0.078125 0.04326923076923077