0 0.8762019230769231 0.4639423076923077 0.0829326923076923 0.28365384615384615
1 0.5420673076923077 0.671875 0.5829326923076923 0.5853365384615384
0 0.05048076923076923 0.375 0.05048076923076923 0.09014423076923077
0 0.15264423076923078 0.6370192307692307 0.15625 0.5697115384615384
0 0.125 0.4987980769230769 0.08653846153846154 0.3485576923076923
0 0.23918269230769232 0.3870192307692308 0.06971153846153846 0.14783653846153846
0 0.25721153846153844 0.6514423076923077 0.09615384615384616 0.5276442307692307
0 0.29447115384615385 0.3894230769230769 0.10576923076923077 0.3076923076923077
0 0.31490384615384615 0.4519230769230769 0.05889423076923077 0.2764423076923077
0 0.4014423076923077 0.33413461538461536 0.030048076923076924 0.07211538461538461
0 0.42908653846153844 0.33653846153846156 0.01201923076923077 0.057692307692307696
0 0.5276442307692307 0.5192307692307693 0.11899038461538461 0.140625
0 0.5661057692307693 0.4074519230769231 0.07091346153846154 0.17067307692307693
0 0.6370192307692307 0.36778846153846156 0.04927884615384615 0.07572115384615384
0 0.7127403846153846 0.36177884615384615 0.039663461538461536 0.09495192307692307
0 0.7403846153846154 0.36899038461538464 0.039663461538461536 0.07932692307692307
0 0.7764423076923077 0.4375 0.0889423076923077 0.21394230769230768
0 0.9543269230769231 0.4098557692307692 0.042067307692307696 0.13701923076923078
1 0.12860576923076922 0.43028846153846156 0.24759615384615385 0.29927884615384615
1 0.38100961538461536 0.39783653846153844 0.12980769230769232 0.16826923076923078
1 0.4855769230769231 0.33653846153846156 0.125 0.12740384615384615
1 0.6514423076923077 0.3545673076923077 0.0673076923076923 0.0829326923076923