0 0.3942307692307692 0.3016826923076923 0.04927884615384615 0.07451923076923077
0 0.4326923076923077 0.3016826923076923 0.02403846153846154 0.0673076923076923
0 0.53125 0.3545673076923077 0.10697115384615384 0.21754807692307693
0 0.6141826923076923 0.35096153846153844 0.11057692307692307 0.234375
0 0.8713942307692307 0.3004807692307692 0.04447115384615385 0.11658653846153846
0 0.875 0.24879807692307693 0.02403846153846154 0.06129807692307692
0 0.9110576923076923 0.31971153846153844 0.054086538461538464 0.18629807692307693
0 0.9350961538461539 0.30528846153846156 0.038461538461538464 0.15625
0 0.9567307692307693 0.265625 0.03365384615384615 0.057692307692307696
0 0.9759615384615384 0.3112980769230769 0.04447115384615385 0.17067307692307693
1 0.6141826923076923 0.33653846153846156 0.3449519230769231 0.18870192307692307
1 0.7944711538461539 0.3245192307692308 0.1935096153846154 0.16466346153846154