0 0.4855769230769231 0.6490384615384616 0.08413461538461539 0.3269230769230769
0 0.18629807692307693 0.4423076923076923 0.016826923076923076 0.06971153846153846
0 0.3329326923076923 0.5228365384615384 0.056490384615384616 0.15384615384615385
0 0.35096153846153844 0.49759615384615385 0.03125 0.12980769230769232
0 0.5829326923076923 0.33774038461538464 0.004807692307692308 0.028846153846153848
0 0.7247596153846154 0.3449519230769231 0.009615384615384616 0.03365384615384615
0 0.7367788461538461 0.3329326923076923 0.007211538461538462 0.027644230769230768
0 0.7427884615384616 0.3329326923076923 0.006009615384615385 0.03125
1 0.026442307692307692 0.734375 0.052884615384615384 0.1971153846153846
1 0.5985576923076923 0.46875 0.1045673076923077 0.12740384615384615
1 0.8317307692307693 0.33413461538461536 0.03365384615384615 0.028846153846153848