0 0.21153846153846154 0.30649038461538464 0.08173076923076923 0.33653846153846156
1 0.5324519230769231 0.5288461538461539 0.8413461538461539 0.5961538461538461
0 0.06490384615384616 0.3918269230769231 0.12980769230769232 0.5769230769230769
0 0.04927884615384615 0.14903846153846154 0.09375 0.13341346153846154
0 0.12980769230769232 0.31490384615384615 0.0625 0.3605769230769231
0 0.2920673076923077 0.2608173076923077 0.08653846153846154 0.32211538461538464
0 0.359375 0.2512019230769231 0.06850961538461539 0.25
0 0.38221153846153844 0.19591346153846154 0.026442307692307692 0.0889423076923077
0 0.4230769230769231 0.2283653846153846 0.03365384615384615 0.08533653846153846
0 0.5024038461538461 0.18990384615384615 0.06610576923076923 0.1201923076923077
0 0.5673076923076923 0.1971153846153846 0.04447115384615385 0.08774038461538461
0 0.6322115384615384 0.17668269230769232 0.06490384615384616 0.13581730769230768
0 0.6995192307692307 0.1971153846153846 0.054086538461538464 0.09254807692307693
0 0.7391826923076923 0.22956730769230768 0.02283653846153846 0.02283653846153846
0 0.7896634615384616 0.21634615384615385 0.04567307692307692 0.1201923076923077
1 0.06850961538461539 0.8137019230769231 0.13701923076923078 0.3701923076923077
1 0.8966346153846154 0.3137019230769231 0.20552884615384615 0.33774038461538464