0 0.9399038461538461 0.3473557692307692 0.08173076923076923 0.34375
0 0.08052884615384616 0.6983173076923077 0.16105769230769232 0.47836538461538464
0 0.22115384615384615 0.5637019230769231 0.12259615384615384 0.2920673076923077
0 0.35096153846153844 0.8149038461538461 0.30528846153846156 0.3641826923076923
0 0.43509615384615385 0.3016826923076923 0.051682692307692304 0.0733173076923077
0 0.47115384615384615 0.3233173076923077 0.04927884615384615 0.125
0 0.49759615384615385 0.31009615384615385 0.046875 0.0985576923076923
0 0.5240384615384616 0.31490384615384615 0.051682692307692304 0.109375
0 0.5540865384615384 0.3401442307692308 0.04447115384615385 0.13581730769230768
0 0.5877403846153846 0.3449519230769231 0.04447115384615385 0.15985576923076922
0 0.6382211538461539 0.35697115384615385 0.05048076923076923 0.21394230769230768
0 0.6959134615384616 0.35216346153846156 0.05889423076923077 0.23557692307692307
0 0.7223557692307693 0.3581730769230769 0.056490384615384616 0.19471153846153846
0 0.7668269230769231 0.33052884615384615 0.056490384615384616 0.1875
0 0.8293269230769231 0.3088942307692308 0.06490384615384616 0.14783653846153846
0 0.8605769230769231 0.31850961538461536 0.06850961538461539 0.18990384615384615
0 0.8846153846153846 0.27283653846153844 0.03365384615384615 0.10096153846153846
0 0.9723557692307693 0.2764423076923077 0.038461538461538464 0.09975961538461539
0 0.9795673076923077 0.39302884615384615 0.037259615384615384 0.3125
1 0.44591346153846156 0.5036057692307693 0.4375 0.3293269230769231