0 0.6454326923076923 0.8737980769230769 0.056490384615384616 0.17427884615384615
0 0.027644230769230768 0.8473557692307693 0.04927884615384615 0.17427884615384615
0 0.32211538461538464 0.8088942307692307 0.028846153846153848 0.0625
0 0.4735576923076923 0.40024038461538464 0.18870192307692307 0.4519230769230769
0 0.41586538461538464 0.796875 0.025240384615384616 0.10576923076923077
0 0.4795673076923077 0.7920673076923077 0.02403846153846154 0.07211538461538461
0 0.5024038461538461 0.7920673076923077 0.010817307692307692 0.06971153846153846
0 0.546875 0.7884615384615384 0.020432692307692308 0.0733173076923077
0 0.5817307692307693 0.7956730769230769 0.026442307692307692 0.09375
0 0.5985576923076923 0.7848557692307693 0.008413461538461538 0.055288461538461536
1 0.03125 0.7932692307692307 0.0625 0.11538461538461539
1 0.16947115384615385 0.8185096153846154 0.15625 0.07692307692307693
1 0.7139423076923077 0.7956730769230769 0.08052884615384616 0.07572115384615384
1 0.8725961538461539 0.7884615384615384 0.06490384615384616 0.06850961538461539
1 0.8978365384615384 0.8064903846153846 0.0829326923076923 0.07932692307692307
1 0.9375 0.796875 0.042067307692307696 0.09375