1 0.6670673076923077 0.9350961538461539 0.2764423076923077 0.12620192307692307
0 0.2403846153846154 0.7235576923076923 0.021634615384615384 0.0673076923076923
0 0.35096153846153844 0.8858173076923077 0.025240384615384616 0.078125
0 0.36658653846153844 0.7055288461538461 0.027644230769230768 0.06850961538461539
0 0.5108173076923077 0.8894230769230769 0.015625 0.0625
0 0.5552884615384616 0.9290865384615384 0.03125 0.13942307692307693
0 0.5865384615384616 0.8701923076923077 0.014423076923076924 0.027644230769230768
0 0.6009615384615384 0.8641826923076923 0.016826923076923076 0.015625
0 0.6165865384615384 0.8629807692307693 0.01201923076923077 0.020432692307692308
0 0.6862980769230769 0.8978365384615384 0.03365384615384615 0.07692307692307693
0 0.7439903846153846 0.8966346153846154 0.028846153846153848 0.06610576923076923
0 0.7788461538461539 0.9038461538461539 0.03485576923076923 0.036057692307692304
0 0.8016826923076923 0.9002403846153846 0.014423076923076924 0.040865384615384616
0 0.9375 0.9098557692307693 0.026442307692307692 0.09134615384615384
0 0.9735576923076923 0.9002403846153846 0.018028846153846152 0.04927884615384615
1 0.07692307692307693 0.8918269230769231 0.15384615384615385 0.11899038461538461
1 0.11658653846153846 0.8605769230769231 0.0625 0.04447115384615385
1 0.22596153846153846 0.8894230769230769 0.1778846153846154 0.08653846153846154
1 0.5216346153846154 0.9627403846153846 0.07451923076923077 0.0733173076923077
1 0.9242788461538461 0.9435096153846154 0.14903846153846154 0.11057692307692307