1 0.9074519230769231 0.3870192307692308 0.13822115384615385 0.14543269230769232
0 0.06009615384615385 0.3581730769230769 0.04927884615384615 0.16346153846153846
0 0.10697115384615384 0.3545673076923077 0.04447115384615385 0.1658653846153846
0 0.1502403846153846 0.3918269230769231 0.04567307692307692 0.10336538461538461
0 0.203125 0.3894230769230769 0.040865384615384616 0.08653846153846154
0 0.24639423076923078 0.36538461538461536 0.04447115384615385 0.1310096153846154
0 0.3701923076923077 0.31850961538461536 0.12259615384615384 0.3137019230769231
0 0.45072115384615385 0.27163461538461536 0.09134615384615384 0.20192307692307693
0 0.6286057692307693 0.35336538461538464 0.037259615384615384 0.14302884615384615
0 0.6466346153846154 0.39663461538461536 0.03365384615384615 0.10336538461538461
0 0.6814903846153846 0.37259615384615385 0.03245192307692308 0.15384615384615385
0 0.7007211538461539 0.40024038461538464 0.05048076923076923 0.10336538461538461
0 0.7163461538461539 0.32211538461538464 0.025240384615384616 0.09615384615384616
0 0.7439903846153846 0.3269230769230769 0.027644230769230768 0.08774038461538461
0 0.7752403846153846 0.36658653846153844 0.036057692307692304 0.13822115384615385
0 0.8677884615384616 0.3918269230769231 0.04567307692307692 0.1141826923076923
0 0.9182692307692307 0.3954326923076923 0.04807692307692308 0.12259615384615384
1 0.43028846153846156 0.4567307692307692 0.43509615384615385 0.5877403846153846