0 0.028846153846153848 0.5240384615384616 0.057692307692307696 0.03365384615384615
0 0.09254807692307693 0.5084134615384616 0.03365384615384615 0.06370192307692307
0 0.12620192307692307 0.5 0.051682692307692304 0.03365384615384615
0 0.16105769230769232 0.5096153846153846 0.028846153846153848 0.025240384615384616
0 0.16105769230769232 0.5024038461538461 0.02403846153846154 0.038461538461538464
0 0.21995192307692307 0.5240384615384616 0.03365384615384615 0.06009615384615385
0 0.26322115384615385 0.5204326923076923 0.021634615384615384 0.042067307692307696
0 0.3016826923076923 0.5180288461538461 0.030048076923076924 0.04567307692307692
0 0.4014423076923077 0.4807692307692308 0.15144230769230768 0.08653846153846154
0 0.734375 0.4879807692307692 0.038461538461538464 0.06370192307692307
0 0.7692307692307693 0.4879807692307692 0.09134615384615384 0.054086538461538464
0 0.8497596153846154 0.49759615384615385 0.09375 0.04447115384615385
1 0.18389423076923078 0.7860576923076923 0.36778846153846156 0.40865384615384615
1 0.3942307692307692 0.5889423076923077 0.1971153846153846 0.06490384615384616
1 0.8317307692307693 0.7247596153846154 0.3329326923076923 0.32211538461538464
1 0.8088942307692307 0.5973557692307693 0.14543269230769232 0.04447115384615385