0 0.056490384615384616 0.8545673076923077 0.03365384615384615 0.10336538461538461
0 0.09975961538461539 0.8533653846153846 0.027644230769230768 0.12139423076923077
0 0.19591346153846154 0.24879807692307693 0.1875 0.4206730769230769
0 0.7103365384615384 0.8233173076923077 0.038461538461538464 0.2091346153846154
1 0.007211538461538462 0.8245192307692307 0.013221153846153846 0.013221153846153846
1 0.014423076923076924 0.8641826923076923 0.028846153846153848 0.06490384615384616
1 0.04567307692307692 0.8161057692307693 0.02403846153846154 0.030048076923076924
1 0.07211538461538461 0.8605769230769231 0.0673076923076923 0.05889423076923077
1 0.3545673076923077 0.8305288461538461 0.051682692307692304 0.055288461538461536
1 0.5228365384615384 0.8197115384615384 0.12740384615384615 0.06971153846153846
1 0.6838942307692307 0.8040865384615384 0.12740384615384615 0.07932692307692307