0 0.26802884615384615 0.5420673076923077 0.02403846153846154 0.09014423076923077
0 0.31971153846153844 0.734375 0.04567307692307692 0.07091346153846154
0 0.390625 0.7463942307692307 0.016826923076923076 0.06610576923076923
0 0.4206730769230769 0.7596153846153846 0.02283653846153846 0.08052884615384616
0 0.44471153846153844 0.7836538461538461 0.036057692307692304 0.13822115384615385
0 0.5096153846153846 0.7632211538461539 0.026442307692307692 0.08774038461538461
0 0.5625 0.7548076923076923 0.01201923076923077 0.042067307692307696
0 0.5697115384615384 0.7548076923076923 0.013221153846153846 0.028846153846153848
0 0.5721153846153846 0.7427884615384616 0.013221153846153846 0.042067307692307696
0 0.6598557692307693 0.6802884615384616 0.015625 0.040865384615384616
0 0.6610576923076923 0.6826923076923077 0.018028846153846152 0.026442307692307692
0 0.6802884615384616 0.6862980769230769 0.019230769230769232 0.06610576923076923
0 0.7115384615384616 0.6682692307692307 0.021634615384615384 0.03125
0 0.7620192307692307 0.7427884615384616 0.0829326923076923 0.12980769230769232
0 0.7740384615384616 0.8329326923076923 0.09615384615384616 0.2620192307692308
0 0.9603365384615384 0.6153846153846154 0.03125 0.06009615384615385
1 0.7259615384615384 0.7475961538461539 0.078125 0.13701923076923078
1 0.8329326923076923 0.796875 0.09735576923076923 0.17307692307692307