0 0.054086538461538464 0.6298076923076923 0.09375 0.1466346153846154
0 0.03365384615384615 0.5637019230769231 0.04927884615384615 0.09615384615384616
0 0.09615384615384616 0.7427884615384616 0.08173076923076923 0.35697115384615385
0 0.09014423076923077 0.5649038461538461 0.04447115384615385 0.1045673076923077
0 0.15144230769230768 0.7608173076923077 0.140625 0.40625
0 0.1346153846153846 0.5288461538461539 0.02283653846153846 0.036057692307692304
0 0.16466346153846154 0.5432692307692307 0.028846153846153848 0.04807692307692308
0 0.18990384615384615 0.6189903846153846 0.07091346153846154 0.18990384615384615
0 0.2127403846153846 0.6057692307692307 0.0625 0.18629807692307693
0 0.20192307692307693 0.5348557692307693 0.018028846153846152 0.04567307692307692
0 0.2932692307692308 0.5168269230769231 0.013221153846153846 0.02403846153846154
0 0.34615384615384615 0.5096153846153846 0.018028846153846152 0.027644230769230768
0 0.5528846153846154 0.5973557692307693 0.04326923076923077 0.04807692307692308
0 0.6262019230769231 0.5252403846153846 0.03125 0.036057692307692304
0 0.6586538461538461 0.5180288461538461 0.015625 0.03485576923076923
0 0.6923076923076923 0.5276442307692307 0.02283653846153846 0.06610576923076923
0 0.7055288461538461 0.5348557692307693 0.027644230769230768 0.06610576923076923
0 0.7439903846153846 0.5492788461538461 0.04927884615384615 0.0733173076923077
0 0.8990384615384616 0.5925480769230769 0.0829326923076923 0.2091346153846154
0 0.9411057692307693 0.5576923076923077 0.04326923076923077 0.13701923076923078
1 0.20192307692307693 0.546875 0.0889423076923077 0.055288461538461536
1 0.28725961538461536 0.5721153846153846 0.08653846153846154 0.1141826923076923
1 0.39903846153846156 0.5949519230769231 0.265625 0.18269230769230768
1 0.5637019230769231 0.6502403846153846 0.53125 0.23076923076923078
1 0.515625 0.5264423076923077 0.07932692307692307 0.08413461538461539
1 0.5925480769230769 0.5348557692307693 0.11658653846153846 0.078125
1 0.796875 0.59375 0.20432692307692307 0.15625