0 0.21995192307692307 0.45913461538461536 0.09254807692307693 0.15865384615384615
0 0.2704326923076923 0.43990384615384615 0.04927884615384615 0.12860576923076922
0 0.375 0.4543269230769231 0.06971153846153846 0.16947115384615385
0 0.6658653846153846 0.42427884615384615 0.03245192307692308 0.06009615384615385
0 0.7163461538461539 0.41225961538461536 0.020432692307692308 0.04447115384615385
0 0.7427884615384616 0.4074519230769231 0.028846153846153848 0.038461538461538464
0 0.7560096153846154 0.44471153846153844 0.028846153846153848 0.07451923076923077
0 0.7764423076923077 0.4326923076923077 0.025240384615384616 0.08173076923076923
0 0.7860576923076923 0.4387019230769231 0.014423076923076924 0.09375
0 0.8100961538461539 0.4651442307692308 0.03485576923076923 0.13942307692307693
1 0.8798076923076923 0.4807692307692308 0.13822115384615385 0.1201923076923077