0 0.3713942307692308 0.5673076923076923 0.039663461538461536 0.20192307692307693
1 0.8125 0.71875 0.37259615384615385 0.32091346153846156
0 0.4326923076923077 0.7331730769230769 0.12980769230769232 0.46153846153846156
0 0.4375 0.5144230769230769 0.04927884615384615 0.09254807692307693
0 0.49399038461538464 0.4338942307692308 0.007211538461538462 0.05889423076923077
0 0.5108173076923077 0.43028846153846156 0.007211538461538462 0.04927884615384615
0 0.5144230769230769 0.4338942307692308 0.015625 0.055288461538461536
0 0.5192307692307693 0.4326923076923077 0.015625 0.055288461538461536
0 0.5396634615384616 0.4362980769230769 0.008413461538461538 0.06370192307692307
0 0.6586538461538461 0.6586538461538461 0.10576923076923077 0.32572115384615385
0 0.7211538461538461 0.5540865384615384 0.039663461538461536 0.16105769230769232
0 0.8040865384615384 0.5120192307692307 0.019230769230769232 0.051682692307692304
1 0.13942307692307693 0.6105769230769231 0.234375 0.17668269230769232