0 0.21514423076923078 0.6814903846153846 0.051682692307692304 0.18269230769230768
0 0.24158653846153846 0.6838942307692307 0.06009615384615385 0.2403846153846154
0 0.30528846153846156 0.6814903846153846 0.040865384615384616 0.25
0 0.3389423076923077 0.6754807692307693 0.04567307692307692 0.22355769230769232
0 0.3954326923076923 0.6754807692307693 0.03365384615384615 0.14903846153846154
0 0.44471153846153844 0.6418269230769231 0.06610576923076923 0.04927884615384615
0 0.46153846153846156 0.6742788461538461 0.018028846153846152 0.11538461538461539
0 0.49759615384615385 0.6742788461538461 0.02403846153846154 0.11899038461538461
0 0.5504807692307693 0.6754807692307693 0.04326923076923077 0.22716346153846154
0 0.6069711538461539 0.6742788461538461 0.021634615384615384 0.06850961538461539
0 0.6442307692307693 0.6670673076923077 0.036057692307692304 0.13942307692307693
0 0.6923076923076923 0.671875 0.039663461538461536 0.1201923076923077
0 0.7331730769230769 0.6490384615384616 0.026442307692307692 0.12860576923076922
1 0.8822115384615384 0.6574519230769231 0.025240384615384616 0.014423076923076924