0 0.07692307692307693 0.29086538461538464 0.12259615384615384 0.5817307692307693
0 0.10096153846153846 0.07932692307692307 0.018028846153846152 0.038461538461538464
0 0.12740384615384615 0.07211538461538461 0.02283653846153846 0.038461538461538464
0 0.22115384615384615 0.09134615384615384 0.03365384615384615 0.06129807692307692
0 0.23918269230769232 0.125 0.039663461538461536 0.09615384615384616
0 0.28125 0.11538461538461539 0.03485576923076923 0.10576923076923077
0 0.3088942307692308 0.22596153846153846 0.0829326923076923 0.26322115384615385
0 0.4423076923076923 0.27283653846153844 0.11177884615384616 0.14543269230769232
0 0.4891826923076923 0.15865384615384615 0.09735576923076923 0.25
0 0.5 0.06490384615384616 0.08052884615384616 0.07932692307692307
0 0.9206730769230769 0.09495192307692307 0.04927884615384615 0.18990384615384615
0 0.9495192307692307 0.3317307692307692 0.09975961538461539 0.4206730769230769
0 0.9735576923076923 0.125 0.05048076923076923 0.2127403846153846
0 0.9831730769230769 0.3401442307692308 0.03125 0.2800480769230769
1 0.14302884615384615 0.24278846153846154 0.2860576923076923 0.2932692307692308
1 0.5204326923076923 0.5120192307692307 0.9230769230769231 0.8978365384615384
1 0.38822115384615385 0.16105769230769232 0.13581730769230768 0.18389423076923078
1 0.8725961538461539 0.14783653846153846 0.25240384615384615 0.25721153846153844