0 0.06490384615384616 0.5408653846153846 0.0625 0.2668269230769231
0 0.20432692307692307 0.5661057692307693 0.11778846153846154 0.34134615384615385
0 0.24278846153846154 0.5432692307692307 0.055288461538461536 0.2764423076923077
0 0.27884615384615385 0.5324519230769231 0.038461538461538464 0.13701923076923078
0 0.27283653846153844 0.4495192307692308 0.018028846153846152 0.06971153846153846
0 0.2932692307692308 0.4579326923076923 0.02283653846153846 0.11298076923076923
0 0.3401442307692308 0.4795673076923077 0.03125 0.16466346153846154
0 0.7451923076923077 0.43990384615384615 0.020432692307692308 0.06850961538461539
0 0.7704326923076923 0.5300480769230769 0.055288461538461536 0.2536057692307692
0 0.7896634615384616 0.45552884615384615 0.02403846153846154 0.09615384615384616
0 0.8137019230769231 0.5757211538461539 0.06971153846153846 0.3942307692307692
0 0.9375 0.6550480769230769 0.12259615384615384 0.5637019230769231
1 0.08774038461538461 0.4723557692307692 0.14302884615384615 0.10336538461538461