0 0.9411057692307693 0.4411057692307692 0.08653846153846154 0.5036057692307693
1 0.4170673076923077 0.6442307692307693 0.7415865384615384 0.45913461538461536
0 0.0673076923076923 0.09254807692307693 0.09495192307692307 0.18509615384615385
0 0.07932692307692307 0.3629807692307692 0.1045673076923077 0.34615384615384615
0 0.1935096153846154 0.12379807692307693 0.054086538461538464 0.234375
0 0.24158653846153846 0.27524038461538464 0.12379807692307693 0.36538461538461536
0 0.36658653846153844 0.3473557692307692 0.09254807692307693 0.25721153846153844
0 0.421875 0.41586538461538464 0.09615384615384616 0.12740384615384615
0 0.5372596153846154 0.21033653846153846 0.09495192307692307 0.36177884615384615
0 0.5552884615384616 0.7259615384615384 0.12740384615384615 0.4230769230769231
0 0.6177884615384616 0.203125 0.07451923076923077 0.4050480769230769
0 0.75 0.6899038461538461 0.140625 0.32572115384615385
0 0.7620192307692307 0.3701923076923077 0.07451923076923077 0.20793269230769232
0 0.8161057692307693 0.28125 0.09134615384615384 0.39783653846153844