0 0.21875 0.6069711538461539 0.13341346153846154 0.39903846153846156
0 0.3233173076923077 0.46274038461538464 0.054086538461538464 0.0889423076923077
1 0.4639423076923077 0.6165865384615384 0.7632211538461539 0.453125
1 0.31850961538461536 0.3449519230769231 0.025240384615384616 0.026442307692307692
1 0.33413461538461536 0.34615384615384615 0.018028846153846152 0.02283653846153846
1 0.34615384615384615 0.34975961538461536 0.003605769230769231 0.018028846153846152
1 0.38822115384615385 0.34615384615384615 0.019230769230769232 0.027644230769230768
1 0.40384615384615385 0.3485576923076923 0.013221153846153846 0.019230769230769232
1 0.421875 0.3473557692307692 0.014423076923076924 0.020432692307692308
1 0.4411057692307692 0.3473557692307692 0.015625 0.020432692307692308
1 0.4807692307692308 0.3485576923076923 0.016826923076923076 0.019230769230769232
1 0.6610576923076923 0.3641826923076923 0.026442307692307692 0.007211538461538462
1 0.6766826923076923 0.36658653846153844 0.010817307692307692 0.010817307692307692