0 0.3125 0.5456730769230769 0.11057692307692307 0.5228365384615384
1 0.1971153846153846 0.49759615384615385 0.14543269230769232 0.20192307692307693
0 0.4206730769230769 0.48677884615384615 0.040865384615384616 0.15985576923076922
0 0.4362980769230769 0.47716346153846156 0.015625 0.12860576923076922
0 0.4855769230769231 0.47836538461538464 0.038461538461538464 0.17427884615384615
0 0.59375 0.5516826923076923 0.09134615384615384 0.43509615384615385
1 0.390625 0.4579326923076923 0.036057692307692304 0.03485576923076923
1 0.453125 0.46033653846153844 0.025240384615384616 0.040865384615384616
1 0.4951923076923077 0.47115384615384615 0.0673076923076923 0.0673076923076923
1 0.5372596153846154 0.46033653846153844 0.028846153846153848 0.04567307692307692
1 0.5985576923076923 0.4951923076923077 0.1346153846153846 0.12139423076923077
1 0.7451923076923077 0.4723557692307692 0.10697115384615384 0.0829326923076923