1 0.8725961538461539 0.47836538461538464 0.22355769230769232 0.20192307692307693
0 0.1502403846153846 0.3870192307692308 0.018028846153846152 0.06129807692307692
0 0.21754807692307693 0.43028846153846156 0.03125 0.1141826923076923
0 0.2548076923076923 0.41586538461538464 0.036057692307692304 0.1201923076923077
0 0.3137019230769231 0.5096153846153846 0.12139423076923077 0.3389423076923077
0 0.3894230769230769 0.4891826923076923 0.06971153846153846 0.3161057692307692
0 0.4639423076923077 0.38100961538461536 0.03125 0.042067307692307696
0 0.5108173076923077 0.38221153846153844 0.055288461538461536 0.1466346153846154
0 0.6286057692307693 0.4026442307692308 0.038461538461538464 0.12379807692307693
0 0.7067307692307693 0.48677884615384615 0.055288461538461536 0.2403846153846154
0 0.75 0.4495192307692308 0.055288461538461536 0.18629807692307693
1 0.8076923076923077 0.40024038461538464 0.10817307692307693 0.06009615384615385