1 0.46634615384615385 0.5985576923076923 0.9014423076923077 0.4987980769230769
0 0.05048076923076923 0.1971153846153846 0.10096153846153846 0.3942307692307692
0 0.11177884615384616 0.2091346153846154 0.038461538461538464 0.33774038461538464
0 0.421875 0.27163461538461536 0.10817307692307693 0.25961538461538464
0 0.7211538461538461 0.35336538461538464 0.019230769230769232 0.06850961538461539
0 0.7752403846153846 0.36538461538461536 0.019230769230769232 0.051682692307692304
0 0.9495192307692307 0.45552884615384615 0.05889423076923077 0.09254807692307693
1 0.14543269230769232 0.12259615384615384 0.06490384615384616 0.11298076923076923
1 0.8377403846153846 0.38461538461538464 0.078125 0.057692307692307696
1 0.8617788461538461 0.38461538461538464 0.021634615384615384 0.026442307692307692
1 0.8822115384615384 0.390625 0.01201923076923077 0.014423076923076924
1 0.9459134615384616 0.6033653846153846 0.10697115384615384 0.15264423076923078