1 0.09495192307692307 0.6274038461538461 0.18990384615384615 0.15745192307692307
0 0.27163461538461536 0.6802884615384616 0.10576923076923077 0.34134615384615385
0 0.3173076923076923 0.6322115384615384 0.08052884615384616 0.3269230769230769
0 0.33052884615384615 0.5084134615384616 0.01201923076923077 0.027644230769230768
0 0.40024038461538464 0.6262019230769231 0.07572115384615384 0.3233173076923077
0 0.4579326923076923 0.5805288461538461 0.04927884615384615 0.21875
0 0.5072115384615384 0.5925480769230769 0.055288461538461536 0.22956730769230768
0 0.5456730769230769 0.6262019230769231 0.06971153846153846 0.28846153846153844
0 0.6274038461538461 0.5072115384615384 0.12259615384615384 0.06971153846153846
0 0.6129807692307693 0.5612980769230769 0.04567307692307692 0.14423076923076922
0 0.734375 0.5072115384615384 0.010817307692307692 0.057692307692307696
0 0.7536057692307693 0.5060096153846154 0.02403846153846154 0.06009615384615385