0 0.04927884615384615 0.3161057692307692 0.040865384615384616 0.051682692307692304
0 0.18990384615384615 0.2704326923076923 0.06129807692307692 0.13581730769230768
0 0.21514423076923078 0.27163461538461536 0.021634615384615384 0.09495192307692307
0 0.7163461538461539 0.2764423076923077 0.046875 0.07932692307692307
0 0.8365384615384616 0.29086538461538464 0.046875 0.08173076923076923
0 0.8353365384615384 0.24879807692307693 0.030048076923076924 0.037259615384615384
0 0.8798076923076923 0.2692307692307692 0.05048076923076923 0.0733173076923077
0 0.9350961538461539 0.2668269230769231 0.056490384615384616 0.0625
0 0.921875 0.23317307692307693 0.020432692307692308 0.036057692307692304
0 0.9579326923076923 0.43149038461538464 0.08052884615384616 0.38822115384615385
0 0.9555288461538461 0.22716346153846154 0.02283653846153846 0.04567307692307692
1 0.1141826923076923 0.38221153846153844 0.2283653846153846 0.24759615384615385
1 0.5048076923076923 0.5144230769230769 0.8762019230769231 0.8161057692307693