1 0.5096153846153846 0.7367788461538461 0.890625 0.46634615384615385
0 0.14903846153846154 0.3701923076923077 0.038461538461538464 0.04326923076923077
0 0.28966346153846156 0.34134615384615385 0.021634615384615384 0.02283653846153846
0 0.3161057692307692 0.3389423076923077 0.018028846153846152 0.018028846153846152
0 0.36177884615384615 0.3485576923076923 0.02283653846153846 0.02403846153846154
0 0.38100961538461536 0.3473557692307692 0.020432692307692308 0.009615384615384616
0 0.4014423076923077 0.3485576923076923 0.014423076923076924 0.01201923076923077
0 0.4375 0.3389423076923077 0.020432692307692308 0.019230769230769232
0 0.6502403846153846 0.41466346153846156 0.046875 0.11778846153846154
0 0.6802884615384616 0.3389423076923077 0.014423076923076924 0.018028846153846152
0 0.6983173076923077 0.33774038461538464 0.02283653846153846 0.016826923076923076
0 0.7127403846153846 0.3389423076923077 0.015625 0.013221153846153846
0 0.9543269230769231 0.4495192307692308 0.06009615384615385 0.14903846153846154
0 0.9723557692307693 0.35216346153846156 0.028846153846153848 0.04447115384615385
0 0.9711538461538461 0.33774038461538464 0.020432692307692308 0.030048076923076924