0 0.6274038461538461 0.2668269230769231 0.0985576923076923 0.18990384615384615
1 0.4963942307692308 0.5252403846153846 0.7800480769230769 0.5528846153846154
0 0.037259615384615384 0.3641826923076923 0.07451923076923077 0.30528846153846156
0 0.24759615384615385 0.24519230769230768 0.040865384615384616 0.09495192307692307
0 0.5697115384615384 0.21995192307692307 0.021634615384615384 0.036057692307692304
0 0.9074519230769231 0.2704326923076923 0.03485576923076923 0.09615384615384616
0 0.9086538461538461 0.25841346153846156 0.028846153846153848 0.09975961538461539
0 0.9362980769230769 0.2620192307692308 0.027644230769230768 0.1045673076923077
0 0.9759615384615384 0.2704326923076923 0.03245192307692308 0.12139423076923077
0 0.9867788461538461 0.2692307692307692 0.02403846153846154 0.10576923076923077
1 0.125 0.31850961538461536 0.203125 0.15264423076923078
1 0.23918269230769232 0.2608173076923077 0.09495192307692307 0.06009615384615385
1 0.5072115384615384 0.21514423076923078 0.31009615384615385 0.06971153846153846
1 0.5817307692307693 0.33052884615384615 0.4110576923076923 0.18629807692307693
1 0.9254807692307693 0.25240384615384615 0.09975961538461539 0.07932692307692307