0 0.6526442307692307 0.4987980769230769 0.4387019230769231 0.8473557692307693
1 0.8185096153846154 0.6129807692307693 0.33774038461538464 0.4254807692307692
0 0.15865384615384615 0.31009615384615385 0.013221153846153846 0.028846153846153848
0 0.23076923076923078 0.32211538461538464 0.013221153846153846 0.025240384615384616
0 0.28966346153846156 0.35216346153846156 0.028846153846153848 0.07211538461538461
0 0.46153846153846156 0.375 0.015625 0.07572115384615384
0 0.4855769230769231 0.36899038461538464 0.02403846153846154 0.0733173076923077
0 0.5 0.36778846153846156 0.013221153846153846 0.09014423076923077
0 0.6802884615384616 0.35336538461538464 0.015625 0.020432692307692308
0 0.7199519230769231 0.35336538461538464 0.038461538461538464 0.04567307692307692
0 0.8786057692307693 0.3798076923076923 0.030048076923076924 0.057692307692307696
0 0.9242788461538461 0.3870192307692308 0.03365384615384615 0.03485576923076923
0 0.9639423076923077 0.38100961538461536 0.02403846153846154 0.04326923076923077
1 0.20432692307692307 0.4182692307692308 0.40865384615384615 0.19230769230769232