0 0.7536057692307693 0.18509615384615385 0.0829326923076923 0.27283653846153844
1 0.5048076923076923 0.5324519230769231 0.8161057692307693 0.8088942307692307
0 0.2800480769230769 0.18389423076923078 0.046875 0.20673076923076922
0 0.31850961538461536 0.13701923076923078 0.03365384615384615 0.0889423076923077
0 0.3641826923076923 0.1310096153846154 0.028846153846153848 0.052884615384615384
0 0.41225961538461536 0.12740384615384615 0.020432692307692308 0.04567307692307692
1 0.06490384615384616 0.21875 0.12860576923076922 0.3004807692307692
1 0.12980769230769232 0.18269230769230768 0.09735576923076923 0.125
1 0.47596153846153844 0.18389423076923078 0.21875 0.15144230769230768
1 0.7043269230769231 0.19831730769230768 0.0673076923076923 0.12860576923076922
1 0.8798076923076923 0.24639423076923078 0.23798076923076922 0.3605769230769231