0 0.24879807692307693 0.7608173076923077 0.08653846153846154 0.054086538461538464
0 0.2920673076923077 0.8317307692307693 0.030048076923076924 0.17307692307692307
0 0.3112980769230769 0.8137019230769231 0.028846153846153848 0.16105769230769232
0 0.33653846153846156 0.8161057692307693 0.02403846153846154 0.1502403846153846
0 0.35216346153846156 0.8016826923076923 0.020432692307692308 0.13942307692307693
0 0.3713942307692308 0.7475961538461539 0.009615384615384616 0.03365384615384615
0 0.38221153846153844 0.7463942307692307 0.007211538461538462 0.028846153846153848
0 0.40865384615384615 0.8100961538461539 0.028846153846153848 0.11298076923076923
0 0.43990384615384615 0.8076923076923077 0.027644230769230768 0.11538461538461539
0 0.5192307692307693 0.3641826923076923 0.04447115384615385 0.09615384615384616
0 0.5276442307692307 0.7608173076923077 0.004807692307692308 0.014423076923076924
0 0.5360576923076923 0.7740384615384616 0.01201923076923077 0.04807692307692308
0 0.6009615384615384 0.7692307692307693 0.015625 0.057692307692307696
0 0.6225961538461539 0.7740384615384616 0.02403846153846154 0.06009615384615385
0 0.6682692307692307 0.7992788461538461 0.028846153846153848 0.09975961538461539
0 0.6754807692307693 0.7920673076923077 0.037259615384615384 0.1466346153846154
0 0.6995192307692307 0.8112980769230769 0.013221153846153846 0.10697115384615384
0 0.8137019230769231 0.8245192307692307 0.07572115384615384 0.22115384615384615
0 0.8076923076923077 0.8329326923076923 0.056490384615384616 0.21033653846153846
0 0.8413461538461539 0.7692307692307693 0.026442307692307692 0.06971153846153846
0 0.8665865384615384 0.7992788461538461 0.03125 0.12259615384615384
0 0.9086538461538461 0.8004807692307693 0.030048076923076924 0.0985576923076923
1 0.030048076923076924 0.8209134615384616 0.06009615384615385 0.11298076923076923
1 0.16947115384615385 0.7992788461538461 0.09735576923076923 0.08173076923076923
1 0.2920673076923077 0.8016826923076923 0.08413461538461539 0.08653846153846154
1 0.5444711538461539 0.7596153846153846 0.013221153846153846 0.03365384615384615