1 0.5048076923076923 0.5072115384615384 0.9242788461538461 0.9555288461538461
0 0.028846153846153848 0.12980769230769232 0.057692307692307696 0.25961538461538464
0 0.18509615384615385 0.17307692307692307 0.13701923076923078 0.1201923076923077
0 0.3401442307692308 0.1141826923076923 0.08413461538461539 0.2283653846153846
0 0.5108173076923077 0.10096153846153846 0.14182692307692307 0.20192307692307693
0 0.5901442307692307 0.07211538461538461 0.052884615384615384 0.14423076923076922
0 0.6935096153846154 0.10336538461538461 0.1141826923076923 0.20673076923076922
0 0.9423076923076923 0.11057692307692307 0.0889423076923077 0.22115384615384615
1 0.25841346153846156 0.171875 0.328125 0.11778846153846154
1 0.4338942307692308 0.16346153846153846 0.09375 0.08774038461538461
1 0.6754807692307693 0.09975961538461539 0.16346153846153846 0.19951923076923078
1 0.8509615384615384 0.10096153846153846 0.2548076923076923 0.20192307692307693
1 0.9254807692307693 0.09134615384615384 0.14423076923076922 0.18269230769230768