0 0.021634615384615384 0.6021634615384616 0.037259615384615384 0.1466346153846154
0 0.24158653846153846 0.5456730769230769 0.013221153846153846 0.0625
0 0.2920673076923077 0.5552884615384616 0.020432692307692308 0.06971153846153846
0 0.3125 0.5528846153846154 0.013221153846153846 0.07091346153846154
0 0.328125 0.5612980769230769 0.015625 0.06490384615384616
0 0.5372596153846154 0.5829326923076923 0.03365384615384615 0.10216346153846154
0 0.5721153846153846 0.5817307692307693 0.026442307692307692 0.09254807692307693
0 0.5913461538461539 0.5877403846153846 0.027644230769230768 0.0829326923076923
0 0.6153846153846154 0.5961538461538461 0.018028846153846152 0.08774038461538461
0 0.8317307692307693 0.7572115384615384 0.12740384615384615 0.37259615384615385
1 0.203125 0.5492788461538461 0.03365384615384615 0.04447115384615385
1 0.3629807692307692 0.5661057692307693 0.06490384615384616 0.07451923076923077
1 0.4230769230769231 0.5805288461538461 0.16947115384615385 0.10817307692307693
1 0.9423076923076923 0.6117788461538461 0.1141826923076923 0.12740384615384615