0 0.8149038461538461 0.7932692307692307 0.07211538461538461 0.38461538461538464
0 0.3954326923076923 0.29086538461538464 0.036057692307692304 0.17067307692307693
0 0.4110576923076923 0.49759615384615385 0.0625 0.1310096153846154
0 0.453125 0.4362980769230769 0.06370192307692307 0.13942307692307693
0 0.46634615384615385 0.5649038461538461 0.025240384615384616 0.23197115384615385
0 0.47836538461538464 0.3173076923076923 0.03125 0.1310096153846154
0 0.5036057692307693 0.44471153846153844 0.04326923076923077 0.12259615384615384
0 0.5204326923076923 0.5144230769230769 0.039663461538461536 0.17307692307692307
0 0.5300480769230769 0.6286057692307693 0.04567307692307692 0.2247596153846154
0 0.5600961538461539 0.3713942307692308 0.04447115384615385 0.06850961538461539
0 0.6009615384615384 0.5564903846153846 0.04326923076923077 0.18990384615384615
0 0.6382211538461539 0.625 0.04326923076923077 0.2247596153846154
0 0.6754807692307693 0.5901442307692307 0.039663461538461536 0.26802884615384615
0 0.7367788461538461 0.8449519230769231 0.08052884615384616 0.3076923076923077
0 0.8197115384615384 0.5829326923076923 0.05048076923076923 0.2127403846153846
0 0.90625 0.6117788461538461 0.0829326923076923 0.25240384615384615
1 0.34615384615384615 0.19110576923076922 0.15264423076923078 0.18870192307692307
1 0.6069711538461539 0.4375 0.32572115384615385 0.3918269230769231
1 0.7067307692307693 0.22716346153846154 0.18509615384615385 0.17427884615384615
1 0.8810096153846154 0.3762019230769231 0.23557692307692307 0.21875