0 0.23076923076923078 0.5240384615384616 0.08052884615384616 0.33052884615384615
0 0.038461538461538464 0.78125 0.07572115384615384 0.43028846153846156
0 0.21995192307692307 0.40625 0.03245192307692308 0.09254807692307693
0 0.3004807692307692 0.43990384615384615 0.025240384615384616 0.11298076923076923
0 0.33653846153846156 0.44471153846153844 0.03485576923076923 0.1346153846153846
0 0.3954326923076923 0.5228365384615384 0.0889423076923077 0.2776442307692308
0 0.37259615384615385 0.4110576923076923 0.03125 0.0673076923076923
0 0.4543269230769231 0.4182692307692308 0.025240384615384616 0.057692307692307696
0 0.49038461538461536 0.40384615384615385 0.01201923076923077 0.03245192307692308
0 0.6983173076923077 0.5144230769230769 0.055288461538461536 0.234375
0 0.7247596153846154 0.4375 0.03245192307692308 0.09134615384615384
0 0.7692307692307693 0.47716346153846156 0.04927884615384615 0.17548076923076922
0 0.8389423076923077 0.4723557692307692 0.054086538461538464 0.16706730769230768
0 0.8798076923076923 0.4831730769230769 0.04927884615384615 0.18389423076923078
0 0.9206730769230769 0.4735576923076923 0.04447115384615385 0.16826923076923078
0 0.9747596153846154 0.5300480769230769 0.04807692307692308 0.28966346153846156
1 0.5564903846153846 0.4639423076923077 0.23197115384615385 0.12259615384615384