0 0.1622596153846154 0.39783653846153844 0.06009615384615385 0.17908653846153846
0 0.21153846153846154 0.5865384615384616 0.12740384615384615 0.5913461538461539
0 0.359375 0.5625 0.15504807692307693 0.5576923076923077
0 0.3798076923076923 0.33533653846153844 0.02283653846153846 0.02283653846153846
0 0.46875 0.5588942307692307 0.13221153846153846 0.5661057692307693
0 0.4266826923076923 0.3389423076923077 0.019230769230769232 0.026442307692307692
0 0.53125 0.3485576923076923 0.03245192307692308 0.055288461538461536
0 0.5661057692307693 0.5637019230769231 0.10096153846153846 0.47716346153846156
0 0.65625 0.5793269230769231 0.11177884615384616 0.5637019230769231
0 0.6225961538461539 0.36899038461538464 0.042067307692307696 0.06610576923076923
0 0.6826923076923077 0.34615384615384615 0.02403846153846154 0.02283653846153846
0 0.6923076923076923 0.34134615384615385 0.02283653846153846 0.04447115384615385
0 0.7560096153846154 0.5829326923076923 0.11778846153846154 0.6105769230769231
0 0.7331730769230769 0.34375 0.021634615384615384 0.026442307692307692
0 0.7932692307692307 0.35096153846153844 0.018028846153846152 0.014423076923076924
0 0.9326923076923077 0.40625 0.03365384615384615 0.12379807692307693
1 0.013221153846153846 0.3293269230769231 0.026442307692307692 0.06850961538461539
1 0.026442307692307692 0.5204326923076923 0.052884615384615384 0.18028846153846154
1 0.039663461538461536 0.33774038461538464 0.020432692307692308 0.051682692307692304
1 0.08052884615384616 0.33774038461538464 0.052884615384615384 0.04567307692307692
1 0.1502403846153846 0.39783653846153844 0.0985576923076923 0.10216346153846154
1 0.2824519230769231 0.5384615384615384 0.3629807692307692 0.3701923076923077
1 0.8125 0.5600961538461539 0.37259615384615385 0.39903846153846156
1 0.9074519230769231 0.3557692307692308 0.09375 0.036057692307692304
1 0.96875 0.4831730769230769 0.054086538461538464 0.109375
1 0.9723557692307693 0.3737980769230769 0.052884615384615384 0.039663461538461536