0 0.39783653846153844 0.35697115384615385 0.038461538461538464 0.0625
0 0.5204326923076923 0.3449519230769231 0.10096153846153846 0.20552884615384615
0 0.625 0.3137019230769231 0.040865384615384616 0.07211538461538461
0 0.8028846153846154 0.36658653846153844 0.052884615384615384 0.22235576923076922
0 0.8533653846153846 0.3076923076923077 0.018028846153846152 0.04807692307692308
0 0.8990384615384616 0.3425480769230769 0.013221153846153846 0.1045673076923077
0 0.9807692307692307 0.33533653846153844 0.02403846153846154 0.10697115384615384
1 0.3798076923076923 0.5168269230769231 0.6382211538461539 0.4831730769230769
1 0.5853365384615384 0.36899038461538464 0.36658653846153844 0.296875
1 0.7536057692307693 0.35096153846153844 0.2512019230769231 0.18990384615384615
1 0.7944711538461539 0.3389423076923077 0.15985576923076922 0.04326923076923077