0 0.004807692307692308 0.8413461538461539 0.008413461538461538 0.04807692307692308
0 0.026442307692307692 0.8473557692307693 0.04567307692307692 0.06009615384615385
0 0.052884615384615384 0.9627403846153846 0.06490384615384616 0.07211538461538461
0 0.5264423076923077 0.8088942307692307 0.028846153846153848 0.06370192307692307
0 0.6983173076923077 0.8725961538461539 0.056490384615384616 0.2127403846153846
0 0.7379807692307693 0.8641826923076923 0.08533653846153846 0.21634615384615385
0 0.7259615384615384 0.8689903846153846 0.04447115384615385 0.20793269230769232
1 0.22596153846153846 0.8473557692307693 0.22115384615384615 0.15144230769230768
1 0.3293269230769231 0.8161057692307693 0.10336538461538461 0.09014423076923077
1 0.3942307692307692 0.8112980769230769 0.09134615384615384 0.08653846153846154
1 0.8942307692307693 0.8521634615384616 0.2091346153846154 0.17548076923076922