0 0.3545673076923077 0.6153846153846154 0.0733173076923077 0.2692307692307692
0 0.14903846153846154 0.4807692307692308 0.02403846153846154 0.03485576923076923
0 0.20552884615384615 0.24639423076923078 0.02283653846153846 0.08052884615384616
0 0.21153846153846154 0.4807692307692308 0.02403846153846154 0.046875
0 0.23076923076923078 0.23918269230769232 0.028846153846153848 0.09975961538461539
0 0.2860576923076923 0.40865384615384615 0.02403846153846154 0.057692307692307696
0 0.3125 0.4254807692307692 0.020432692307692308 0.052884615384615384
0 0.5973557692307693 0.640625 0.06610576923076923 0.2704326923076923
0 0.7355769230769231 0.5793269230769231 0.06490384615384616 0.2848557692307692
0 0.7487980769230769 0.6009615384615384 0.0673076923076923 0.27884615384615385
0 0.8713942307692307 0.6862980769230769 0.057692307692307696 0.28966346153846156
1 0.24519230769230768 0.5384615384615384 0.13822115384615385 0.18870192307692307
1 0.25600961538461536 0.44591346153846156 0.08052884615384616 0.03125