1 0.421875 0.6298076923076923 0.5745192307692307 0.5673076923076923
0 0.09615384615384616 0.38100961538461536 0.054086538461538464 0.22235576923076922
0 0.15384615384615385 0.3918269230769231 0.05048076923076923 0.20072115384615385
0 0.2091346153846154 0.41346153846153844 0.06009615384615385 0.28725961538461536
0 0.2127403846153846 0.4014423076923077 0.025240384615384616 0.20793269230769232
0 0.2620192307692308 0.328125 0.05889423076923077 0.09615384615384616
0 0.2932692307692308 0.30408653846153844 0.03125 0.040865384615384616
0 0.6045673076923077 0.43149038461538464 0.08653846153846154 0.20072115384615385
0 0.625 0.36899038461538464 0.026442307692307692 0.04567307692307692
0 0.6586538461538461 0.42908653846153844 0.06490384615384616 0.2644230769230769
0 0.7391826923076923 0.4074519230769231 0.038461538461538464 0.06129807692307692
0 0.7680288461538461 0.4074519230769231 0.019230769230769232 0.040865384615384616
0 0.8798076923076923 0.6310096153846154 0.23918269230769232 0.7355769230769231
0 0.8064903846153846 0.43990384615384615 0.056490384615384616 0.15865384615384615
0 0.8293269230769231 0.42788461538461536 0.039663461538461536 0.16346153846153846
0 0.84375 0.43509615384615385 0.036057692307692304 0.15504807692307693
0 0.8713942307692307 0.3894230769230769 0.03125 0.06971153846153846
0 0.9242788461538461 0.39903846153846156 0.07572115384615384 0.17548076923076922