0 0.6262019230769231 0.7620192307692307 0.042067307692307696 0.14543269230769232
0 0.47836538461538464 0.7283653846153846 0.027644230769230768 0.08653846153846154
0 0.4879807692307692 0.6887019230769231 0.007211538461538462 0.025240384615384616
0 0.4963942307692308 0.7199519230769231 0.013221153846153846 0.06971153846153846
0 0.5084134615384616 0.7199519230769231 0.016826923076923076 0.08052884615384616
0 0.5408653846153846 0.7175480769230769 0.009615384615384616 0.06129807692307692
0 0.5697115384615384 0.7043269230769231 0.013221153846153846 0.04807692307692308
1 0.5408653846153846 0.7091346153846154 0.039663461538461536 0.04807692307692308
1 0.7055288461538461 0.7307692307692307 0.0625 0.09615384615384616
1 0.8461538461538461 0.8689903846153846 0.30649038461538464 0.2608173076923077
1 0.7872596153846154 0.7560096153846154 0.15264423076923078 0.14423076923076922