1 0.5276442307692307 0.5913461538461539 0.8088942307692307 0.5216346153846154
0 0.03125 0.5456730769230769 0.06129807692307692 0.4110576923076923
0 0.11177884615384616 0.4579326923076923 0.02403846153846154 0.14423076923076922
0 0.1310096153846154 0.45552884615384615 0.042067307692307696 0.16346153846153846
0 0.15384615384615385 0.5072115384615384 0.051682692307692304 0.203125
0 0.17307692307692307 0.42908653846153844 0.028846153846153848 0.08052884615384616
0 0.25 0.42788461538461536 0.026442307692307692 0.0625
0 0.27403846153846156 0.43028846153846156 0.042067307692307696 0.06610576923076923
0 0.27884615384615385 0.40865384615384615 0.025240384615384616 0.0673076923076923
0 0.3389423076923077 0.41466346153846156 0.03245192307692308 0.09254807692307693
0 0.5276442307692307 0.4411057692307692 0.06610576923076923 0.08774038461538461
0 0.7932692307692307 0.43028846153846156 0.04927884615384615 0.11899038461538461
0 0.9014423076923077 0.6165865384615384 0.0733173076923077 0.4411057692307692
0 0.9399038461538461 0.4987980769230769 0.025240384615384616 0.125
0 0.9615384615384616 0.5288461538461539 0.03365384615384615 0.1814903846153846
0 0.9807692307692307 0.5625 0.036057692307692304 0.21514423076923078
1 0.2548076923076923 0.4495192307692308 0.15144230769230768 0.1346153846153846
1 0.8677884615384616 0.5048076923076923 0.12860576923076922 0.17548076923076922