0 0.47596153846153844 0.5492788461538461 0.1310096153846154 0.3004807692307692
0 0.20192307692307693 0.5336538461538461 0.06490384615384616 0.2776442307692308
0 0.35096153846153844 0.5132211538461539 0.09014423076923077 0.203125
1 0.13581730769230768 0.5168269230769231 0.22956730769230768 0.1658653846153846
1 0.4182692307692308 0.49278846153846156 0.21875 0.17427884615384615
1 0.5420673076923077 0.44711538461538464 0.055288461538461536 0.05048076923076923
1 0.6117788461538461 0.4495192307692308 0.05048076923076923 0.057692307692307696
1 0.6382211538461539 0.45072115384615385 0.021634615384615384 0.06490384615384616
1 0.8377403846153846 0.5576923076923077 0.3233173076923077 0.36658653846153844
1 0.7680288461538461 0.4519230769230769 0.11899038461538461 0.09975961538461539
1 0.734375 0.4230769230769231 0.030048076923076924 0.020432692307692308