0 0.42427884615384615 0.5372596153846154 0.052884615384615384 0.375
1 0.8545673076923077 0.5528846153846154 0.17668269230769232 0.2980769230769231
0 0.11778846153846154 0.5576923076923077 0.040865384615384616 0.32091346153846156
0 0.1502403846153846 0.5625 0.03485576923076923 0.3233173076923077
0 0.2548076923076923 0.5673076923076923 0.038461538461538464 0.3269230769230769
0 0.45552884615384615 0.5348557692307693 0.02403846153846154 0.3269230769230769
0 0.5048076923076923 0.5492788461538461 0.03245192307692308 0.30408653846153844
0 0.5144230769230769 0.5685096153846154 0.05048076923076923 0.30408653846153844
0 0.609375 0.5540865384615384 0.04567307692307692 0.3076923076923077
0 0.7908653846153846 0.5516826923076923 0.020432692307692308 0.27524038461538464
0 0.8040865384615384 0.5673076923076923 0.02403846153846154 0.3269230769230769
0 0.8461538461538461 0.578125 0.03485576923076923 0.30408653846153844
0 0.8858173076923077 0.5949519230769231 0.04447115384615385 0.2920673076923077
1 0.171875 0.5336538461538461 0.24639423076923078 0.375
1 0.4963942307692308 0.5444711538461539 0.22115384615384615 0.32091346153846156