0 0.859375 0.19951923076923078 0.08533653846153846 0.25240384615384615
1 0.4807692307692308 0.4723557692307692 0.8413461538461539 0.7259615384615384
0 0.0889423076923077 0.24879807692307693 0.14903846153846154 0.49759615384615385
0 0.34134615384615385 0.1658653846153846 0.09134615384615384 0.20793269230769232
0 0.4266826923076923 0.15384615384615385 0.11298076923076923 0.203125
0 0.5336538461538461 0.08774038461538461 0.04326923076923077 0.021634615384615384
0 0.6105769230769231 0.17307692307692307 0.08173076923076923 0.18990384615384615
0 0.7764423076923077 0.09495192307692307 0.055288461538461536 0.07932692307692307
1 0.16826923076923078 0.23317307692307693 0.051682692307692304 0.09134615384615384
1 0.2439903846153846 0.22956730769230768 0.13581730769230768 0.10697115384615384
1 0.9266826923076923 0.2127403846153846 0.0889423076923077 0.08173076923076923