0 0.8641826923076923 0.6141826923076923 0.10817307692307693 0.49399038461538464
0 0.18509615384615385 0.6418269230769231 0.171875 0.7139423076923077
0 0.3473557692307692 0.5745192307692307 0.1201923076923077 0.33413461538461536
0 0.609375 0.4098557692307692 0.030048076923076924 0.07932692307692307
0 0.6334134615384616 0.4206730769230769 0.03365384615384615 0.08653846153846154
0 0.6899038461538461 0.46274038461538464 0.040865384615384616 0.1346153846153846
0 0.7211538461538461 0.4579326923076923 0.026442307692307692 0.16346153846153846
0 0.7487980769230769 0.46875 0.03365384615384615 0.17668269230769232
0 0.8677884615384616 0.421875 0.037259615384615384 0.078125
0 0.9290865384615384 0.47716346153846156 0.04447115384615385 0.20072115384615385
0 0.9891826923076923 0.46033653846153844 0.020432692307692308 0.1814903846153846
1 0.5757211538461539 0.6021634615384616 0.4326923076923077 0.4951923076923077