0 0.16105769230769232 0.6478365384615384 0.20432692307692307 0.5144230769230769
0 0.020432692307692308 0.4074519230769231 0.03365384615384615 0.23918269230769232
0 0.0673076923076923 0.43028846153846156 0.04567307692307692 0.2127403846153846
0 0.2920673076923077 0.5360576923076923 0.20793269230769232 0.3389423076923077
0 0.5120192307692307 0.4723557692307692 0.23557692307692307 0.3425480769230769
0 0.6899038461538461 0.4074519230769231 0.03125 0.14182692307692307
0 0.8257211538461539 0.7295673076923077 0.25841346153846156 0.5348557692307693
0 0.8810096153846154 0.5817307692307693 0.08653846153846154 0.20072115384615385
1 0.7572115384615384 0.3870192307692308 0.037259615384615384 0.04447115384615385
1 0.8149038461538461 0.3894230769230769 0.055288461538461536 0.052884615384615384
1 0.9086538461538461 0.5132211538461539 0.18028846153846154 0.2127403846153846
1 0.84375 0.38822115384615385 0.04326923076923077 0.06129807692307692
1 0.9495192307692307 0.6887019230769231 0.0985576923076923 0.3329326923076923