0 0.015625 0.24759615384615385 0.03125 0.21875
0 0.04567307692307692 0.23557692307692307 0.04447115384615385 0.21634615384615385
0 0.07451923076923077 0.20072115384615385 0.02283653846153846 0.0985576923076923
0 0.09615384615384616 0.1971153846153846 0.036057692307692304 0.10336538461538461
0 0.109375 0.21875 0.04567307692307692 0.18028846153846154
0 0.12379807692307693 0.23197115384615385 0.0625 0.171875
0 0.15144230769230768 0.1971153846153846 0.04927884615384615 0.11778846153846154
0 0.15144230769230768 0.2548076923076923 0.03245192307692308 0.10336538461538461
0 0.18028846153846154 0.21634615384615385 0.04807692307692308 0.203125
0 0.21875 0.2127403846153846 0.07692307692307693 0.23557692307692307
0 0.28846153846153844 0.24278846153846154 0.057692307692307696 0.2608173076923077
0 0.3449519230769231 0.2127403846153846 0.04447115384615385 0.18269230769230768
0 0.375 0.20793269230769232 0.038461538461538464 0.16346153846153846
0 0.375 0.13341346153846154 0.028846153846153848 0.05048076923076923
0 0.41466346153846156 0.22596153846153846 0.056490384615384616 0.24278846153846154
0 0.4579326923076923 0.27884615384615385 0.06610576923076923 0.2620192307692308
0 0.5096153846153846 0.24879807692307693 0.054086538461538464 0.2848557692307692
0 0.5492788461538461 0.24639423076923078 0.039663461538461536 0.24278846153846154
0 0.5961538461538461 0.2644230769230769 0.0625 0.27884615384615385
0 0.6225961538461539 0.203125 0.037259615384615384 0.11057692307692307
0 0.6658653846153846 0.27283653846153844 0.07692307692307693 0.3016826923076923
0 0.7283653846153846 0.25961538461538464 0.04927884615384615 0.28125
0 0.7247596153846154 0.16105769230769232 0.015625 0.037259615384615384
0 0.7956730769230769 0.30408653846153844 0.0673076923076923 0.43990384615384615
0 0.7860576923076923 0.14423076923076922 0.026442307692307692 0.052884615384615384
0 0.8485576923076923 0.19230769230769232 0.04447115384615385 0.15865384615384615
0 0.8846153846153846 0.18990384615384615 0.05889423076923077 0.18389423076923078
0 0.9194711538461539 0.31971153846153844 0.09975961538461539 0.5132211538461539
0 0.9615384615384616 0.1466346153846154 0.04807692307692308 0.08533653846153846
0 0.9783653846153846 0.2439903846153846 0.040865384615384616 0.29447115384615385
1 0.05048076923076923 0.7596153846153846 0.10096153846153846 0.47836538461538464
1 0.4855769230769231 0.5144230769230769 0.890625 0.4411057692307692