0 0.7475961538461539 0.24879807692307693 0.06850961538461539 0.18629807692307693
0 0.026442307692307692 0.5168269230769231 0.051682692307692304 0.640625
0 0.13942307692307693 0.22596153846153846 0.07211538461538461 0.1814903846153846
0 0.2247596153846154 0.21033653846153846 0.056490384615384616 0.07932692307692307
0 0.41586538461538464 0.18629807692307693 0.026442307692307692 0.052884615384615384
0 0.5084134615384616 0.4987980769230769 0.20552884615384615 0.6875
0 0.5192307692307693 0.18870192307692307 0.037259615384615384 0.057692307692307696
0 0.5673076923076923 0.20432692307692307 0.03365384615384615 0.057692307692307696
0 0.6430288461538461 0.22596153846153846 0.046875 0.1310096153846154
0 0.875 0.2439903846153846 0.06370192307692307 0.12620192307692307
0 0.9266826923076923 0.30528846153846156 0.04927884615384615 0.24639423076923078
0 0.96875 0.3449519230769231 0.06009615384615385 0.3858173076923077
1 0.4375 0.4987980769230769 0.7860576923076923 0.5649038461538461