0 0.6694711538461539 0.45072115384615385 0.10576923076923077 0.2283653846153846
0 0.04326923076923077 0.40024038461538464 0.016826923076923076 0.07572115384615384
0 0.078125 0.41466346153846156 0.03245192307692308 0.12139423076923077
0 0.08774038461538461 0.4326923076923077 0.028846153846153848 0.13942307692307693
0 0.5757211538461539 0.4483173076923077 0.055288461538461536 0.16706730769230768
0 0.8100961538461539 0.43149038461538464 0.04326923076923077 0.13942307692307693
1 0.5024038461538461 0.5853365384615384 0.9411057692307693 0.6057692307692307
1 0.35216346153846156 0.38461538461538464 0.11177884615384616 0.04927884615384615
1 0.4182692307692308 0.42788461538461536 0.1346153846153846 0.078125
1 0.5192307692307693 0.4338942307692308 0.07091346153846154 0.07211538461538461
1 0.8473557692307693 0.5649038461538461 0.30408653846153844 0.3245192307692308