0 0.8846153846153846 0.29086538461538464 0.09134615384615384 0.24879807692307693
0 0.5288461538461539 0.2283653846153846 0.04447115384615385 0.056490384615384616
0 0.5612980769230769 0.25721153846153844 0.03365384615384615 0.04807692307692308
0 0.7211538461538461 0.25961538461538464 0.020432692307692308 0.07692307692307693
0 0.7475961538461539 0.25600961538461536 0.036057692307692304 0.08052884615384616
0 0.8377403846153846 0.265625 0.038461538461538464 0.1045673076923077
0 0.9002403846153846 0.359375 0.03125 0.078125
0 0.9242788461538461 0.3173076923076923 0.04447115384615385 0.19230769230769232
1 0.5288461538461539 0.49278846153846156 0.8125 0.7139423076923077
1 0.7319711538461539 0.2800480769230769 0.18509615384615385 0.12259615384615384
1 0.9170673076923077 0.29086538461538464 0.16466346153846154 0.21033653846153846