0 0.8605769230769231 0.5288461538461539 0.12139423076923077 0.24639423076923078
1 0.5576923076923077 0.7596153846153846 0.8822115384615384 0.47475961538461536
0 0.021634615384615384 0.4963942307692308 0.04326923076923077 0.4230769230769231
0 0.2247596153846154 0.3125 0.06490384615384616 0.08413461538461539
0 0.24278846153846154 0.5384615384615384 0.08653846153846154 0.21634615384615385
0 0.29086538461538464 0.3641826923076923 0.09014423076923077 0.2704326923076923
0 0.36778846153846156 0.36658653846153844 0.08413461538461539 0.27884615384615385
0 0.3798076923076923 0.4987980769230769 0.10216346153846154 0.27283653846153844
0 0.5168269230769231 0.49759615384615385 0.09134615384615384 0.19591346153846154
0 0.5456730769230769 0.37740384615384615 0.1502403846153846 0.30528846153846156
0 0.6610576923076923 0.5048076923076923 0.06490384615384616 0.16346153846153846
0 0.7391826923076923 0.47475961538461536 0.12139423076923077 0.31971153846153844
0 0.8810096153846154 0.41947115384615385 0.10697115384615384 0.23918269230769232
0 0.9555288461538461 0.49038461538461536 0.08533653846153846 0.3269230769230769