0 0.3858173076923077 0.8341346153846154 0.055288461538461536 0.19110576923076922
0 0.014423076923076924 0.3449519230769231 0.02283653846153846 0.06129807692307692
0 0.03245192307692308 0.31971153846153844 0.013221153846153846 0.06370192307692307
0 0.06971153846153846 0.296875 0.019230769230769232 0.046875
0 0.11057692307692307 0.7007211538461539 0.051682692307692304 0.13221153846153846
0 0.15985576923076922 0.265625 0.015625 0.05048076923076923
0 0.19230769230769232 0.6382211538461539 0.039663461538461536 0.12740384615384615
0 0.2403846153846154 0.6009615384615384 0.03125 0.11899038461538461
0 0.265625 0.5408653846153846 0.016826923076923076 0.0985576923076923
0 0.3786057692307692 0.6177884615384616 0.037259615384615384 0.12980769230769232
0 0.38461538461538464 0.36177884615384615 0.013221153846153846 0.0733173076923077
0 0.41586538461538464 0.36778846153846156 0.02283653846153846 0.06009615384615385
0 0.42788461538461536 0.32091346153846156 0.01201923076923077 0.040865384615384616
0 0.44350961538461536 0.3581730769230769 0.019230769230769232 0.06129807692307692
0 0.5372596153846154 0.6502403846153846 0.040865384615384616 0.13701923076923078
0 0.5745192307692307 0.33052884615384615 0.009615384615384616 0.042067307692307696
0 0.5985576923076923 0.3293269230769231 0.020432692307692308 0.04326923076923077
0 0.6165865384615384 0.6622596153846154 0.036057692307692304 0.13581730769230768
0 0.6081730769230769 0.28966346153846156 0.009615384615384616 0.038461538461538464
0 0.640625 0.6346153846153846 0.02403846153846154 0.1346153846153846
0 0.6670673076923077 0.6442307692307693 0.015625 0.13942307692307693
0 0.6754807692307693 0.36177884615384615 0.01201923076923077 0.042067307692307696
0 0.703125 0.6454326923076923 0.036057692307692304 0.1310096153846154
0 0.7007211538461539 0.3786057692307692 0.018028846153846152 0.07572115384615384
0 0.7223557692307693 0.7091346153846154 0.04447115384615385 0.14423076923076922
0 0.75 0.3605769230769231 0.015625 0.05889423076923077
0 0.7716346153846154 0.3557692307692308 0.01201923076923077 0.06370192307692307
0 0.8028846153846154 0.6502403846153846 0.03245192307692308 0.13942307692307693
1 0.4987980769230769 0.45072115384615385 0.171875 0.10096153846153846
1 0.46033653846153844 0.19591346153846154 0.055288461538461536 0.030048076923076924
1 0.5420673076923077 0.20072115384615385 0.055288461538461536 0.03485576923076923
1 0.8305288461538461 0.46274038461538464 0.17427884615384615 0.09735576923076923