0 0.22956730769230768 0.6658653846153846 0.16466346153846154 0.6358173076923077
0 0.014423076923076924 0.4567307692307692 0.028846153846153848 0.04567307692307692
0 0.0985576923076923 0.4387019230769231 0.027644230769230768 0.055288461538461536
0 0.12139423076923077 0.44471153846153844 0.02283653846153846 0.038461538461538464
0 0.20072115384615385 0.4483173076923077 0.009615384615384616 0.028846153846153848
0 0.35216346153846156 0.6694711538461539 0.12860576923076922 0.5733173076923077
0 0.4723557692307692 0.6298076923076923 0.20072115384615385 0.5456730769230769
0 0.5216346153846154 0.6754807692307693 0.15144230769230768 0.546875
0 0.6478365384615384 0.6502403846153846 0.16105769230769232 0.5745192307692307
0 0.6742788461538461 0.4483173076923077 0.06009615384615385 0.09254807692307693
0 0.7776442307692307 0.6646634615384616 0.15745192307692307 0.5588942307692307
1 0.0985576923076923 0.6382211538461539 0.19591346153846154 0.5108173076923077
1 0.734375 0.6598557692307693 0.5288461538461539 0.39903846153846156
1 0.7848557692307693 0.4423076923076923 0.02403846153846154 0.020432692307692308