0 0.921875 0.5492788461538461 0.05889423076923077 0.17908653846153846
0 0.009615384615384616 0.4579326923076923 0.018028846153846152 0.0985576923076923
0 0.06009615384615385 0.5925480769230769 0.06850961538461539 0.12980769230769232
0 0.140625 0.5612980769230769 0.06370192307692307 0.19471153846153846
0 0.140625 0.4519230769230769 0.016826923076923076 0.04927884615384615
0 0.15865384615384615 0.45072115384615385 0.018028846153846152 0.03485576923076923
0 0.21634615384615385 0.59375 0.06009615384615385 0.15384615384615385
0 0.23197115384615385 0.5348557692307693 0.02403846153846154 0.052884615384615384
0 0.25961538461538464 0.625 0.02283653846153846 0.052884615384615384
0 0.4326923076923077 0.6286057692307693 0.06370192307692307 0.04927884615384615
0 0.7007211538461539 0.5168269230769231 0.2536057692307692 0.28725961538461536
0 0.6298076923076923 0.5180288461538461 0.04447115384615385 0.12620192307692307
0 0.7055288461538461 0.5144230769230769 0.057692307692307696 0.11538461538461539
0 0.8581730769230769 0.5492788461538461 0.06490384615384616 0.15625
1 0.06971153846153846 0.42788461538461536 0.07572115384615384 0.08653846153846154
1 0.19230769230769232 0.4987980769230769 0.09975961538461539 0.15384615384615385
1 0.20072115384615385 0.41346153846153844 0.037259615384615384 0.052884615384615384
1 0.9086538461538461 0.40865384615384615 0.06490384615384616 0.051682692307692304
1 0.9627403846153846 0.4170673076923077 0.0733173076923077 0.08533653846153846
1 0.9759615384615384 0.3918269230769231 0.04447115384615385 0.028846153846153848