0 0.008413461538461538 0.3918269230769231 0.010817307692307692 0.025240384615384616
0 0.02283653846153846 0.41346153846153844 0.013221153846153846 0.06971153846153846
0 0.07692307692307693 0.43028846153846156 0.02403846153846154 0.0673076923076923
0 0.09134615384615384 0.421875 0.01201923076923077 0.0673076923076923
0 0.10336538461538461 0.4254807692307692 0.028846153846153848 0.07451923076923077
0 0.10697115384615384 0.4182692307692308 0.020432692307692308 0.0889423076923077
0 0.30528846153846156 0.390625 0.025240384615384616 0.06009615384615385
0 0.34375 0.4579326923076923 0.056490384615384616 0.12139423076923077
0 0.4807692307692308 0.41947115384615385 0.14302884615384615 0.23798076923076922
0 0.5108173076923077 0.38822115384615385 0.02403846153846154 0.05889423076923077
0 0.5372596153846154 0.3786057692307692 0.02403846153846154 0.07692307692307693
0 0.5588942307692307 0.3858173076923077 0.02283653846153846 0.056490384615384616
0 0.7776442307692307 0.3425480769230769 0.027644230769230768 0.038461538461538464
1 0.07451923076923077 0.4170673076923077 0.1045673076923077 0.07572115384615384
1 0.18629807692307693 0.4266826923076923 0.140625 0.0829326923076923
1 0.3473557692307692 0.43028846153846156 0.14903846153846154 0.125
1 0.765625 0.43149038461538464 0.40384615384615385 0.23076923076923078