1 0.8016826923076923 0.296875 0.29086538461538464 0.1971153846153846
0 0.1310096153846154 0.8966346153846154 0.2620192307692308 0.203125
0 0.1310096153846154 0.5841346153846154 0.13822115384615385 0.3449519230769231
0 0.15625 0.640625 0.18509615384615385 0.39903846153846156
0 0.26802884615384615 0.7944711538461539 0.25961538461538464 0.40865384615384615
0 0.6033653846153846 0.6838942307692307 0.2764423076923077 0.6286057692307693
0 0.7680288461538461 0.7740384615384616 0.20552884615384615 0.4483173076923077
0 0.921875 0.8449519230769231 0.15504807692307693 0.30649038461538464
1 0.46634615384615385 0.36658653846153844 0.40865384615384615 0.3088942307692308
1 0.4879807692307692 0.15144230769230768 0.04326923076923077 0.03125
1 0.625 0.20072115384615385 0.13341346153846154 0.0985576923076923