0 0.47115384615384615 0.734375 0.11538461538461539 0.28125
0 0.06009615384615385 0.6081730769230769 0.03365384615384615 0.046875
0 0.09975961538461539 0.6538461538461539 0.02403846153846154 0.12740384615384615
0 0.15384615384615385 0.6286057692307693 0.013221153846153846 0.078125
0 0.16947115384615385 0.6286057692307693 0.019230769230769232 0.07692307692307693
0 0.24639423076923078 0.6310096153846154 0.038461538461538464 0.08413461538461539
0 0.36899038461538464 0.6213942307692307 0.018028846153846152 0.052884615384615384
0 0.5396634615384616 0.6622596153846154 0.037259615384615384 0.1622596153846154
0 0.7632211538461539 0.6045673076923077 0.015625 0.03485576923076923
0 0.8557692307692307 0.5805288461538461 0.014423076923076924 0.02403846153846154
1 0.4014423076923077 0.6225961538461539 0.04567307692307692 0.042067307692307696
1 0.4675480769230769 0.6358173076923077 0.09134615384615384 0.06129807692307692
1 0.6009615384615384 0.6310096153846154 0.027644230769230768 0.04567307692307692
1 0.6514423076923077 0.6454326923076923 0.0985576923076923 0.1045673076923077
1 0.7139423076923077 0.6995192307692307 0.16947115384615385 0.17307692307692307
1 0.8870192307692307 0.7475961538461539 0.22355769230769232 0.31490384615384615