0 0.17908653846153846 0.5805288461538461 0.07572115384615384 0.49759615384615385
0 0.2512019230769231 0.6201923076923077 0.12740384615384615 0.5264423076923077
0 0.33052884615384615 0.5673076923076923 0.08173076923076923 0.46033653846153844
0 0.3942307692307692 0.5877403846153846 0.0985576923076923 0.5
0 0.5 0.5841346153846154 0.11057692307692307 0.5805288461538461
0 0.5973557692307693 0.6274038461538461 0.10216346153846154 0.49399038461538464
0 0.6875 0.6502403846153846 0.12620192307692307 0.5240384615384616
0 0.8509615384615384 0.6334134615384616 0.16105769230769232 0.5805288461538461
1 0.04326923076923077 0.3798076923076923 0.08653846153846154 0.038461538461538464
1 0.08052884615384616 0.4375 0.16105769230769232 0.10576923076923077
1 0.3701923076923077 0.3798076923076923 0.039663461538461536 0.046875
1 0.5637019230769231 0.5588942307692307 0.28365384615384615 0.3798076923076923
1 0.8545673076923077 0.578125 0.28846153846153844 0.421875