1 0.5600961538461539 0.49759615384615385 0.7307692307692307 0.9158653846153846
0 0.039663461538461536 0.12139423076923077 0.07932692307692307 0.23677884615384615
0 0.12259615384615384 0.12740384615384615 0.08774038461538461 0.19831730769230768
0 0.6538461538461539 0.14543269230769232 0.06009615384615385 0.17427884615384615
0 0.7620192307692307 0.11057692307692307 0.05889423076923077 0.21995192307692307
0 0.90625 0.140625 0.10817307692307693 0.28125
0 0.9495192307692307 0.47836538461538464 0.0985576923076923 0.703125
0 0.9759615384615384 0.03485576923076923 0.04567307692307692 0.06971153846153846
1 0.11778846153846154 0.3293269230769231 0.23557692307692307 0.43149038461538464
1 0.5649038461538461 0.18389423076923078 0.03485576923076923 0.019230769230769232
1 0.7247596153846154 0.09615384615384616 0.028846153846153848 0.08173076923076923