0 0.15625 0.546875 0.078125 0.390625
1 0.8100961538461539 0.5661057692307693 0.37740384615384615 0.3641826923076923
0 0.057692307692307696 0.47596153846153844 0.0733173076923077 0.22115384615384615
0 0.10576923076923077 0.4579326923076923 0.055288461538461536 0.20192307692307693
0 0.2283653846153846 0.47475961538461536 0.04447115384615385 0.24158653846153846
0 0.27403846153846156 0.46875 0.03365384615384615 0.22956730769230768
0 0.3425480769230769 0.5661057692307693 0.12259615384615384 0.46875
0 0.43028846153846156 0.5432692307692307 0.16466346153846154 0.6033653846153846
0 0.5649038461538461 0.5300480769230769 0.06610576923076923 0.32211538461538464
0 0.8365384615384616 0.4110576923076923 0.05048076923076923 0.20072115384615385
0 0.8774038461538461 0.41466346153846156 0.04927884615384615 0.18389423076923078
0 0.9831730769230769 0.34975961538461536 0.03125 0.09134615384615384
1 0.21394230769230768 0.4723557692307692 0.20192307692307693 0.2091346153846154