0 0.07692307692307693 0.35216346153846156 0.15384615384615385 0.6310096153846154
0 0.11177884615384616 0.0889423076923077 0.09735576923076923 0.1466346153846154
0 0.21514423076923078 0.19110576923076922 0.15985576923076922 0.2980769230769231
0 0.33653846153846156 0.14423076923076922 0.06490384615384616 0.09375
0 0.32211538461538464 0.15384615384615385 0.030048076923076924 0.0733173076923077
0 0.3701923076923077 0.13822115384615385 0.03365384615384615 0.1141826923076923
0 0.4675480769230769 0.19230769230769232 0.1935096153846154 0.25961538461538464
0 0.4891826923076923 0.15745192307692307 0.06009615384615385 0.17548076923076922
0 0.5 0.12620192307692307 0.039663461538461536 0.0829326923076923
0 0.5108173076923077 0.15865384615384615 0.05048076923076923 0.17427884615384615
0 0.5504807692307693 0.15264423076923078 0.028846153846153848 0.109375
0 0.6454326923076923 0.4519230769230769 0.17908653846153846 0.7451923076923077
0 0.5877403846153846 0.1346153846153846 0.026442307692307692 0.06610576923076923
0 0.8221153846153846 0.3557692307692308 0.1875 0.7115384615384616
0 0.7596153846153846 0.13701923076923078 0.02403846153846154 0.06850961538461539
0 0.7860576923076923 0.140625 0.008413461538461538 0.028846153846153848
0 0.7992788461538461 0.1346153846153846 0.016826923076923076 0.042067307692307696
0 0.921875 0.2644230769230769 0.12620192307692307 0.43028846153846156
0 0.9831730769230769 0.15985576923076922 0.03125 0.12740384615384615
1 0.1875 0.38822115384615385 0.375 0.4254807692307692
1 0.5084134615384616 0.5721153846153846 0.9375 0.8545673076923077