1 0.9194711538461539 0.5661057692307693 0.12259615384615384 0.109375
0 0.002403846153846154 0.5612980769230769 0.003605769230769231 0.04447115384615385
0 0.015625 0.5661057692307693 0.014423076923076924 0.054086538461538464
0 0.02283653846153846 0.5528846153846154 0.010817307692307692 0.04567307692307692
0 0.0889423076923077 0.7091346153846154 0.06971153846153846 0.3076923076923077
0 0.07091346153846154 0.5504807692307693 0.014423076923076924 0.038461538461538464
0 0.14783653846153846 0.5961538461538461 0.018028846153846152 0.09134615384615384
0 0.16706730769230768 0.5877403846153846 0.025240384615384616 0.09254807692307693
0 0.23557692307692307 0.5793269230769231 0.03365384615384615 0.06850961538461539
0 0.27524038461538464 0.6334134615384616 0.03245192307692308 0.18990384615384615
0 0.29086538461538464 0.6346153846153846 0.038461538461538464 0.19230769230769232
0 0.375 0.5649038461538461 0.007211538461538462 0.06610576923076923
0 0.3954326923076923 0.5805288461538461 0.038461538461538464 0.078125
0 0.4735576923076923 0.5661057692307693 0.018028846153846152 0.06850961538461539
0 0.6117788461538461 0.5492788461538461 0.007211538461538462 0.036057692307692304
0 0.6225961538461539 0.5528846153846154 0.013221153846153846 0.04447115384615385
0 0.6418269230769231 0.5612980769230769 0.018028846153846152 0.0625
0 0.7115384615384616 0.5649038461538461 0.028846153846153848 0.0673076923076923
0 0.7860576923076923 0.5685096153846154 0.027644230769230768 0.07572115384615384
0 0.8509615384615384 0.5492788461538461 0.018028846153846152 0.051682692307692304
0 0.9699519230769231 0.5793269230769231 0.04927884615384615 0.0985576923076923
1 0.33052884615384615 0.5625 0.039663461538461536 0.042067307692307696