0 0.8040865384615384 0.8858173076923077 0.04447115384615385 0.1875
1 0.265625 0.8858173076923077 0.28365384615384615 0.17908653846153846
0 0.046875 0.7740384615384616 0.018028846153846152 0.025240384615384616
0 0.14543269230769232 0.8245192307692307 0.03125 0.07572115384615384
0 0.19831730769230768 0.8004807692307693 0.015625 0.039663461538461536
0 0.34975961538461536 0.8052884615384616 0.020432692307692308 0.052884615384615384
0 0.3701923076923077 0.8197115384615384 0.020432692307692308 0.07211538461538461
0 0.6514423076923077 0.8605769230769231 0.03365384615384615 0.1346153846153846
0 0.703125 0.8365384615384616 0.015625 0.10576923076923077
0 0.8677884615384616 0.875 0.02403846153846154 0.1622596153846154
0 0.9543269230769231 0.2848557692307692 0.08653846153846154 0.46153846153846156
1 0.53125 0.8341346153846154 0.11057692307692307 0.08653846153846154
1 0.6574519230769231 0.8004807692307693 0.055288461538461536 0.057692307692307696
1 0.7475961538461539 0.8293269230769231 0.051682692307692304 0.04567307692307692