1 0.07572115384615384 0.4387019230769231 0.12980769230769232 0.09975961538461539
0 0.22235576923076922 0.5432692307692307 0.16346153846153846 0.375
0 0.3545673076923077 0.5204326923076923 0.09975961538461539 0.2800480769230769
0 0.5012019230769231 0.42427884615384615 0.020432692307692308 0.036057692307692304
0 0.5552884615384616 0.4326923076923077 0.025240384615384616 0.046875
0 0.5901442307692307 0.42427884615384615 0.013221153846153846 0.009615384615384616
0 0.6598557692307693 0.4411057692307692 0.018028846153846152 0.038461538461538464
0 0.6754807692307693 0.4423076923076923 0.016826923076923076 0.04567307692307692
0 0.6947115384615384 0.4423076923076923 0.015625 0.04807692307692308
0 0.7067307692307693 0.4266826923076923 0.007211538461538462 0.02403846153846154
0 0.7163461538461539 0.4254807692307692 0.010817307692307692 0.025240384615384616
0 0.7379807692307693 0.43509615384615385 0.01201923076923077 0.036057692307692304