1 0.29447115384615385 0.1466346153846154 0.23918269230769232 0.11778846153846154
0 0.27283653846153844 0.5925480769230769 0.04447115384615385 0.07451923076923077
0 0.35216346153846156 0.625 0.11538461538461539 0.15384615384615385
0 0.43149038461538464 0.8533653846153846 0.09975961538461539 0.1201923076923077
0 0.5372596153846154 0.38341346153846156 0.09014423076923077 0.08173076923076923
0 0.5372596153846154 0.8497596153846154 0.057692307692307696 0.09615384615384616
0 0.6069711538461539 0.84375 0.046875 0.07572115384615384
0 0.6478365384615384 0.3798076923076923 0.07451923076923077 0.09254807692307693
0 0.640625 0.8425480769230769 0.025240384615384616 0.06971153846153846
0 0.703125 0.12259615384615384 0.055288461538461536 0.04447115384615385
0 0.7175480769230769 0.3737980769230769 0.0625 0.07572115384615384
0 0.7848557692307693 0.37259615384615385 0.05048076923076923 0.06610576923076923
0 0.8076923076923077 0.14302884615384615 0.08413461538461539 0.09254807692307693
0 0.8269230769230769 0.3701923076923077 0.03485576923076923 0.06370192307692307
0 0.8882211538461539 0.36658653846153844 0.03365384615384615 0.055288461538461536
0 0.9242788461538461 0.3641826923076923 0.015625 0.046875
1 0.28846153846153844 0.37259615384615385 0.17307692307692307 0.12139423076923077
1 0.6983173076923077 0.6057692307692307 0.03245192307692308 0.020432692307692308
1 0.7800480769230769 0.6358173076923077 0.13942307692307693 0.07451923076923077