0 0.4735576923076923 0.46033653846153844 0.1778846153846154 0.25721153846153844
1 0.8701923076923077 0.4014423076923077 0.11298076923076923 0.06971153846153846
0 0.3629807692307692 0.38221153846153844 0.027644230769230768 0.04447115384615385
0 0.3942307692307692 0.4182692307692308 0.037259615384615384 0.08052884615384616
0 0.41346153846153844 0.3858173076923077 0.028846153846153848 0.02403846153846154
1 0.04567307692307692 0.47836538461538464 0.09134615384615384 0.07692307692307693
1 0.11177884615384616 0.45913461538461536 0.21995192307692307 0.09615384615384616
1 0.15745192307692307 0.4326923076923077 0.3125 0.11778846153846154
1 0.27524038461538464 0.42908653846153844 0.20432692307692307 0.08413461538461539
1 0.6105769230769231 0.44471153846153844 0.16826923076923078 0.16105769230769232
1 0.8004807692307693 0.3701923076923077 0.051682692307692304 0.03245192307692308
1 0.96875 0.39903846153846156 0.06009615384615385 0.05889423076923077