0 0.06610576923076923 0.7680288461538461 0.05048076923076923 0.2776442307692308
0 0.11778846153846154 0.7776442307692307 0.05889423076923077 0.2848557692307692
0 0.140625 0.4951923076923077 0.026442307692307692 0.09014423076923077
0 0.15384615384615385 0.7115384615384616 0.04326923076923077 0.16346153846153846
0 0.1778846153846154 0.8629807692307693 0.07572115384615384 0.27163461538461536
0 0.27403846153846156 0.7403846153846154 0.055288461538461536 0.2608173076923077
0 0.34375 0.6586538461538461 0.04567307692307692 0.14423076923076922
0 0.3737980769230769 0.5901442307692307 0.03365384615384615 0.09134615384615384
0 0.38341346153846156 0.7536057692307693 0.038461538461538464 0.23557692307692307
0 0.42908653846153844 0.7427884615384616 0.04447115384615385 0.25600961538461536
0 0.4807692307692308 0.9086538461538461 0.09495192307692307 0.1814903846153846
0 0.7091346153846154 0.37740384615384615 0.018028846153846152 0.09254807692307693
0 0.7367788461538461 0.35336538461538464 0.019230769230769232 0.08533653846153846
0 0.7956730769230769 0.4026442307692308 0.016826923076923076 0.09375
0 0.8221153846153846 0.7860576923076923 0.05889423076923077 0.24278846153846154
0 0.8245192307692307 0.4026442307692308 0.021634615384615384 0.08774038461538461
0 0.8377403846153846 0.6298076923076923 0.04447115384615385 0.1201923076923077
0 0.8737980769230769 0.3858173076923077 0.02283653846153846 0.08052884615384616
0 0.9230769230769231 0.7740384615384616 0.04447115384615385 0.2439903846153846
0 0.9507211538461539 0.8341346153846154 0.07932692307692307 0.28966346153846156
0 0.9423076923076923 0.6514423076923077 0.055288461538461536 0.13581730769230768
1 0.5853365384615384 0.35216346153846156 0.10216346153846154 0.10096153846153846
1 0.6141826923076923 0.42788461538461536 0.13221153846153846 0.10576923076923077
1 0.8810096153846154 0.546875 0.22596153846153846 0.16466346153846154
1 0.9014423076923077 0.28725961538461536 0.12259615384615384 0.0733173076923077
1 0.9314903846153846 0.4170673076923077 0.1201923076923077 0.11057692307692307