0 0.18990384615384615 0.6514423076923077 0.05889423076923077 0.22956730769230768
1 0.6237980769230769 0.6778846153846154 0.27884615384615385 0.25240384615384615
0 0.25240384615384615 0.5504807692307693 0.015625 0.07091346153846154
0 0.2704326923076923 0.5420673076923077 0.019230769230769232 0.06490384615384616
0 0.390625 0.5576923076923077 0.025240384615384616 0.04447115384615385
0 0.46875 0.5456730769230769 0.015625 0.027644230769230768
0 0.5168269230769231 0.5588942307692307 0.02403846153846154 0.06610576923076923
0 0.5480769230769231 0.5288461538461539 0.018028846153846152 0.037259615384615384
0 0.5685096153846154 0.5997596153846154 0.03485576923076923 0.0889423076923077
0 0.5673076923076923 0.5348557692307693 0.014423076923076924 0.03125
0 0.5901442307692307 0.5552884615384616 0.013221153846153846 0.08052884615384616
0 0.6538461538461539 0.6225961538461539 0.03485576923076923 0.052884615384615384
0 0.7175480769230769 0.5697115384615384 0.019230769230769232 0.0829326923076923
0 0.734375 0.5805288461538461 0.020432692307692308 0.1045673076923077
0 0.7608173076923077 0.53125 0.010817307692307692 0.039663461538461536
1 0.08173076923076923 0.6274038461538461 0.14302884615384615 0.15985576923076922
1 0.18269230769230768 0.5733173076923077 0.1045673076923077 0.12259615384615384
1 0.6286057692307693 0.53125 0.018028846153846152 0.027644230769230768
1 0.6634615384615384 0.5420673076923077 0.025240384615384616 0.042067307692307696
1 0.7163461538461539 0.5252403846153846 0.021634615384615384 0.020432692307692308
1 0.9483173076923077 0.5612980769230769 0.052884615384615384 0.056490384615384616
1 0.9891826923076923 0.546875 0.018028846153846152 0.0625