0 0.04447115384615385 0.8016826923076923 0.0889423076923077 0.3918269230769231
0 0.040865384615384616 0.6262019230769231 0.04927884615384615 0.08173076923076923
0 0.14543269230769232 0.6262019230769231 0.02403846153846154 0.18629807692307693
0 0.15985576923076922 0.6370192307692307 0.042067307692307696 0.203125
0 0.18990384615384615 0.6009615384615384 0.019230769230769232 0.1201923076923077
0 0.203125 0.5793269230769231 0.014423076923076924 0.0673076923076923
0 0.2127403846153846 0.5913461538461539 0.013221153846153846 0.06971153846153846
0 0.23677884615384615 0.5793269230769231 0.01201923076923077 0.03125
0 0.265625 0.6201923076923077 0.03125 0.0829326923076923
0 0.4074519230769231 0.640625 0.046875 0.1045673076923077
0 0.4567307692307692 0.5805288461538461 0.015625 0.05889423076923077
0 0.5913461538461539 0.5769230769230769 0.010817307692307692 0.03365384615384615
0 0.9338942307692307 0.7439903846153846 0.12740384615384615 0.26322115384615385
0 0.9891826923076923 0.6742788461538461 0.018028846153846152 0.22235576923076922
1 0.22716346153846154 0.5805288461538461 0.05889423076923077 0.04807692307692308
1 0.3389423076923077 0.6430288461538461 0.10697115384615384 0.11778846153846154
1 0.3173076923076923 0.6069711538461539 0.06009615384615385 0.0673076923076923
1 0.34134615384615385 0.5673076923076923 0.04447115384615385 0.021634615384615384
1 0.625 0.7956730769230769 0.5132211538461539 0.40384615384615385