0 0.04326923076923077 0.3076923076923077 0.08653846153846154 0.4098557692307692
0 0.17427884615384615 0.19110576923076922 0.038461538461538464 0.10096153846153846
0 0.20673076923076922 0.17668269230769232 0.028846153846153848 0.052884615384615384
0 0.24519230769230768 0.16826923076923078 0.018028846153846152 0.052884615384615384
0 0.2704326923076923 0.1622596153846154 0.03485576923076923 0.056490384615384616
0 0.3125 0.16706730769230768 0.036057692307692304 0.040865384615384616
0 0.3557692307692308 0.16105769230769232 0.04447115384615385 0.06129807692307692
0 0.3918269230769231 0.16826923076923078 0.020432692307692308 0.03365384615384615
0 0.4567307692307692 0.16706730769230768 0.028846153846153848 0.042067307692307696
0 0.5120192307692307 0.17668269230769232 0.027644230769230768 0.030048076923076924
0 0.5649038461538461 0.1814903846153846 0.025240384615384616 0.038461538461538464
0 0.5925480769230769 0.18509615384615385 0.03245192307692308 0.04807692307692308
0 0.6262019230769231 0.17908653846153846 0.015625 0.04807692307692308
0 0.6971153846153846 0.20793269230769232 0.12860576923076922 0.2764423076923077
0 0.6490384615384616 0.16947115384615385 0.020432692307692308 0.05889423076923077
0 0.8329326923076923 0.17427884615384615 0.025240384615384616 0.026442307692307692
0 0.8701923076923077 0.23677884615384615 0.04927884615384615 0.11778846153846154
0 0.9723557692307693 0.2127403846153846 0.052884615384615384 0.18629807692307693
1 0.5012019230769231 0.48677884615384615 0.9314903846153846 0.6298076923076923
1 0.7391826923076923 0.3245192307692308 0.5192307692307693 0.25600961538461536
1 0.8533653846153846 0.2403846153846154 0.22716346153846154 0.12139423076923077