0 0.921875 0.4567307692307692 0.10096153846153846 0.4807692307692308
0 0.04447115384615385 0.2800480769230769 0.07451923076923077 0.18990384615384615
0 0.15384615384615385 0.546875 0.171875 0.5144230769230769
0 0.2692307692307692 0.29927884615384615 0.05889423076923077 0.22355769230769232
0 0.390625 0.8028846153846154 0.2776442307692308 0.390625
0 0.5072115384615384 0.5685096153846154 0.16105769230769232 0.5372596153846154
0 0.5685096153846154 0.33653846153846156 0.06971153846153846 0.3161057692307692
0 0.6201923076923077 0.19110576923076922 0.028846153846153848 0.10096153846153846
0 0.6466346153846154 0.18629807692307693 0.03245192307692308 0.07211538461538461
0 0.7319711538461539 0.1935096153846154 0.026442307692307692 0.11538461538461539
0 0.8425480769230769 0.46033653846153844 0.09134615384615384 0.36177884615384615
0 0.9507211538461539 0.20072115384615385 0.042067307692307696 0.11899038461538461
0 0.96875 0.46274038461538464 0.06129807692307692 0.37740384615384615
1 0.203125 0.13221153846153846 0.03245192307692308 0.021634615384615384
1 0.2860576923076923 0.13221153846153846 0.039663461538461536 0.021634615384615384
1 0.3088942307692308 0.125 0.02403846153846154 0.015625
1 0.328125 0.125 0.013221153846153846 0.015625
1 0.34615384615384615 0.12980769230769232 0.008413461538461538 0.015625
1 0.3737980769230769 0.18269230769230768 0.06129807692307692 0.06009615384615385