0 0.2980769230769231 0.34134615384615385 0.0889423076923077 0.15865384615384615
0 0.002403846153846154 0.5384615384615384 0.004807692307692308 0.02403846153846154
0 0.007211538461538462 0.5 0.01201923076923077 0.025240384615384616
0 0.013221153846153846 0.5360576923076923 0.002403846153846154 0.019230769230769232
0 0.02403846153846154 0.5384615384615384 0.004807692307692308 0.019230769230769232
0 0.06370192307692307 0.5072115384615384 0.015625 0.02403846153846154
0 0.26802884615384615 0.8353365384615384 0.10216346153846154 0.3269230769230769
0 0.6081730769230769 0.65625 0.07091346153846154 0.1778846153846154
0 0.7067307692307693 0.7524038461538461 0.09735576923076923 0.19110576923076922
0 0.96875 0.6742788461538461 0.04807692307692308 0.14783653846153846
1 0.0889423076923077 0.8245192307692307 0.1778846153846154 0.3473557692307692