0 0.15504807692307693 0.4675480769230769 0.03485576923076923 0.04807692307692308
0 0.19831730769230768 0.48677884615384615 0.036057692307692304 0.09495192307692307
0 0.26322115384615385 0.5516826923076923 0.037259615384615384 0.20673076923076922
0 0.28365384615384615 0.5456730769230769 0.04447115384615385 0.21754807692307693
0 0.3137019230769231 0.5480769230769231 0.06490384615384616 0.20793269230769232
0 0.33653846153846156 0.5600961538461539 0.056490384615384616 0.18389423076923078
0 0.38100961538461536 0.5564903846153846 0.08173076923076923 0.24278846153846154
0 0.40865384615384615 0.5600961538461539 0.06610576923076923 0.2247596153846154
0 0.4567307692307692 0.5661057692307693 0.06129807692307692 0.19471153846153846
0 0.47596153846153844 0.5721153846153846 0.06850961538461539 0.1971153846153846
0 0.5060096153846154 0.5817307692307693 0.06490384615384616 0.2091346153846154
0 0.5552884615384616 0.5793269230769231 0.06610576923076923 0.23677884615384615
0 0.609375 0.5757211538461539 0.06490384615384616 0.26322115384615385
0 0.6237980769230769 0.6129807692307693 0.08413461538461539 0.23918269230769232
0 0.6935096153846154 0.5901442307692307 0.08774038461538461 0.2668269230769231
0 0.6923076923076923 0.5949519230769231 0.08413461538461539 0.26802884615384615
0 0.7391826923076923 0.5949519230769231 0.05889423076923077 0.21754807692307693
0 0.7620192307692307 0.6069711538461539 0.08533653846153846 0.22355769230769232
0 0.8209134615384616 0.6189903846153846 0.10576923076923077 0.21754807692307693
0 0.7944711538461539 0.6057692307692307 0.04326923076923077 0.20072115384615385
0 0.8846153846153846 0.6382211538461539 0.054086538461538464 0.24759615384615385
0 0.8966346153846154 0.6153846153846154 0.0733173076923077 0.25600961538461536
0 0.9567307692307693 0.6298076923076923 0.08533653846153846 0.20552884615384615
0 0.96875 0.6382211538461539 0.06009615384615385 0.22355769230769232
1 0.11177884615384616 0.5973557692307693 0.22235576923076922 0.22956730769230768
1 0.11177884615384616 0.5120192307692307 0.22355769230769232 0.18269230769230768
1 0.5216346153846154 0.9471153846153846 0.6201923076923077 0.1045673076923077