0 0.8004807692307693 0.7079326923076923 0.09975961538461539 0.3581730769230769
0 0.021634615384615384 0.7043269230769231 0.04326923076923077 0.21634615384615385
0 0.052884615384615384 0.7043269230769231 0.030048076923076924 0.20552884615384615
0 0.07451923076923077 0.6899038461538461 0.03485576923076923 0.21033653846153846
0 0.10697115384615384 0.6971153846153846 0.06009615384615385 0.23317307692307693
0 0.15865384615384615 0.6995192307692307 0.03365384615384615 0.21514423076923078
0 0.1935096153846154 0.7115384615384616 0.036057692307692304 0.17908653846153846
0 0.22956730769230768 0.7019230769230769 0.038461538461538464 0.2091346153846154
0 0.25721153846153844 0.703125 0.030048076923076924 0.18990384615384615
0 0.28966346153846156 0.6935096153846154 0.03485576923076923 0.203125
0 0.32211538461538464 0.7091346153846154 0.039663461538461536 0.19591346153846154
0 0.3425480769230769 0.6887019230769231 0.026442307692307692 0.19230769230769232
0 0.3798076923076923 0.6959134615384616 0.04927884615384615 0.22115384615384615
0 0.4014423076923077 0.6382211538461539 0.037259615384615384 0.10216346153846154
0 0.4338942307692308 0.6057692307692307 0.042067307692307696 0.07932692307692307
0 0.47836538461538464 0.5985576923076923 0.04567307692307692 0.06490384615384616
0 0.5240384615384616 0.59375 0.04927884615384615 0.08052884615384616
0 0.640625 0.5757211538461539 0.03245192307692308 0.0889423076923077
0 0.6730769230769231 0.6201923076923077 0.054086538461538464 0.1935096153846154
1 0.5336538461538461 0.7560096153846154 0.36778846153846156 0.26322115384615385