0 0.3401442307692308 0.1778846153846154 0.0985576923076923 0.08413461538461539
1 0.5024038461538461 0.46033653846153844 0.9074519230769231 0.6394230769230769
0 0.036057692307692304 0.17427884615384615 0.054086538461538464 0.09254807692307693
0 0.09615384615384616 0.19471153846153846 0.06490384615384616 0.14423076923076922
0 0.24639423076923078 0.18870192307692307 0.03125 0.09014423076923077
0 0.4362980769230769 0.2091346153846154 0.078125 0.22596153846153846
0 0.4639423076923077 0.15745192307692307 0.026442307692307692 0.05889423076923077
0 0.4951923076923077 0.203125 0.036057692307692304 0.22115384615384615
0 0.53125 0.16947115384615385 0.008413461538461538 0.01201923076923077
0 0.5853365384615384 0.17067307692307693 0.015625 0.019230769230769232
0 0.5985576923076923 0.1622596153846154 0.030048076923076924 0.04567307692307692
0 0.7115384615384616 0.16826923076923078 0.03485576923076923 0.042067307692307696
0 0.8064903846153846 0.1875 0.07572115384615384 0.21634615384615385
0 0.8569711538461539 0.15745192307692307 0.018028846153846152 0.021634615384615384
0 0.9495192307692307 0.3293269230769231 0.0985576923076923 0.18870192307692307
0 0.9831730769230769 0.19230769230769232 0.03245192307692308 0.08052884615384616
1 0.15384615384615385 0.3293269230769231 0.3076923076923077 0.3557692307692308
1 0.3137019230769231 0.23076923076923078 0.20072115384615385 0.08774038461538461
1 0.9050480769230769 0.22596153846153846 0.17307692307692307 0.19831730769230768