0 0.13341346153846154 0.8149038461538461 0.09134615384615384 0.28125
1 0.31490384615384615 0.5721153846153846 0.28365384615384615 0.18028846153846154
0 0.4375 0.46033653846153844 0.019230769230769232 0.04807692307692308
0 0.46033653846153844 0.4879807692307692 0.018028846153846152 0.052884615384615384
1 0.028846153846153848 0.4735576923076923 0.057692307692307696 0.052884615384615384
1 0.1045673076923077 0.44350961538461536 0.055288461538461536 0.06370192307692307
1 0.18028846153846154 0.42427884615384615 0.046875 0.019230769230769232
1 0.3329326923076923 0.45552884615384615 0.12139423076923077 0.04927884615384615
1 0.546875 0.44711538461538464 0.09495192307692307 0.06129807692307692
1 0.6730769230769231 0.45552884615384615 0.027644230769230768 0.019230769230769232
1 0.6971153846153846 0.46033653846153844 0.03365384615384615 0.04567307692307692
1 0.7151442307692307 0.4795673076923077 0.028846153846153848 0.03485576923076923
1 0.7548076923076923 0.5012019230769231 0.05889423076923077 0.06129807692307692
1 0.9579326923076923 0.65625 0.08052884615384616 0.09375