0 0.02283653846153846 0.5661057692307693 0.04326923076923077 0.06490384615384616
0 0.04326923076923077 0.5625 0.028846153846153848 0.07211538461538461
0 0.234375 0.6995192307692307 0.07572115384615384 0.36658653846153844
0 0.25240384615384615 0.6658653846153846 0.04447115384615385 0.34975961538461536
0 0.2668269230769231 0.4879807692307692 0.018028846153846152 0.057692307692307696
0 0.2860576923076923 0.5480769230769231 0.02403846153846154 0.052884615384615384
0 0.3233173076923077 0.6322115384615384 0.06490384615384616 0.27524038461538464
0 0.44471153846153844 0.625 0.06009615384615385 0.2860576923076923
0 0.49158653846153844 0.49158653846153844 0.03125 0.08173076923076923
0 0.4951923076923077 0.49759615384615385 0.03365384615384615 0.0673076923076923
0 0.5240384615384616 0.49759615384615385 0.028846153846153848 0.0673076923076923
0 0.5540865384615384 0.5396634615384616 0.03245192307692308 0.1466346153846154
0 0.7632211538461539 0.4855769230769231 0.013221153846153846 0.06610576923076923
1 0.7415865384615384 0.4639423076923077 0.013221153846153846 0.015625
1 0.7560096153846154 0.4675480769230769 0.028846153846153848 0.036057692307692304
1 0.7956730769230769 0.47475961538461536 0.054086538461538464 0.06009615384615385
1 0.8052884615384616 0.5 0.06490384615384616 0.08052884615384616
1 0.8713942307692307 0.5288461538461539 0.16947115384615385 0.13581730769230768