0 0.32091346153846156 0.7608173076923077 0.06490384615384616 0.17548076923076922
1 0.5564903846153846 0.8209134615384616 0.12740384615384615 0.20673076923076922
0 0.3485576923076923 0.765625 0.03485576923076923 0.18990384615384615
0 0.4338942307692308 0.7235576923076923 0.03245192307692308 0.07451923076923077
0 0.47596153846153844 0.8269230769230769 0.11177884615384616 0.34375
0 0.5901442307692307 0.7379807692307693 0.015625 0.03245192307692308
0 0.8317307692307693 0.8485576923076923 0.09975961538461539 0.3004807692307692
0 0.8557692307692307 0.7536057692307693 0.06971153846153846 0.15264423076923078
0 0.8858173076923077 0.8545673076923077 0.0733173076923077 0.28846153846153844
0 0.96875 0.7980769230769231 0.04447115384615385 0.10576923076923077
0 0.9939903846153846 0.8209134615384616 0.010817307692307692 0.046875
1 0.5432692307692307 0.7367788461538461 0.09134615384615384 0.09254807692307693
1 0.5901442307692307 0.7475961538461539 0.026442307692307692 0.0673076923076923
1 0.6225961538461539 0.7644230769230769 0.05048076923076923 0.08533653846153846
1 0.6670673076923077 0.7716346153846154 0.06490384615384616 0.09615384615384616
1 0.7007211538461539 0.8004807692307693 0.0733173076923077 0.10697115384615384
1 0.7319711538461539 0.8209134615384616 0.08052884615384616 0.12139423076923077
1 0.8653846153846154 0.8533653846153846 0.2668269230769231 0.2704326923076923