1 0.9447115384615384 0.6213942307692307 0.09975961538461539 0.234375
0 0.021634615384615384 0.5925480769230769 0.04326923076923077 0.18389423076923078
0 0.11298076923076923 0.5829326923076923 0.05048076923076923 0.17668269230769232
0 0.15625 0.5600961538461539 0.042067307692307696 0.16706730769230768
0 0.2548076923076923 0.49038461538461536 0.03125 0.0625
0 0.4879807692307692 0.4387019230769231 0.07572115384615384 0.140625
0 0.7055288461538461 0.5144230769230769 0.04447115384615385 0.07572115384615384
0 0.7788461538461539 0.5420673076923077 0.03125 0.10096153846153846
0 0.8377403846153846 0.5420673076923077 0.03125 0.10817307692307693
0 0.875 0.5372596153846154 0.03245192307692308 0.11298076923076923
1 0.038461538461538464 0.5096153846153846 0.02283653846153846 0.026442307692307692
1 0.09134615384615384 0.5120192307692307 0.021634615384615384 0.020432692307692308