0 0.3701923076923077 0.3016826923076923 0.11778846153846154 0.23317307692307693
0 0.49158653846153844 0.2932692307692308 0.06370192307692307 0.1875
0 0.5925480769230769 0.25721153846153844 0.009615384615384616 0.046875
0 0.6286057692307693 0.2512019230769231 0.036057692307692304 0.05889423076923077
0 0.6971153846153846 0.2403846153846154 0.054086538461538464 0.07932692307692307
0 0.7163461538461539 0.23798076923076922 0.04927884615384615 0.10697115384615384
0 0.7548076923076923 0.25721153846153844 0.013221153846153846 0.06129807692307692
0 0.8677884615384616 0.31971153846153844 0.06490384615384616 0.1778846153846154
0 0.9735576923076923 0.3629807692307692 0.04927884615384615 0.2776442307692308
0 0.96875 0.33774038461538464 0.036057692307692304 0.27283653846153844
1 0.025240384615384616 0.3112980769230769 0.05048076923076923 0.08653846153846154
1 0.1814903846153846 0.44591346153846156 0.36177884615384615 0.3629807692307692
1 0.5144230769230769 0.5456730769230769 0.7728365384615384 0.5564903846153846