0 0.3173076923076923 0.23918269230769232 0.05889423076923077 0.17067307692307693
0 0.09375 0.25721153846153844 0.04807692307692308 0.11298076923076923
0 0.10697115384615384 0.20552884615384615 0.05048076923076923 0.12259615384615384
0 0.21634615384615385 0.25240384615384615 0.04567307692307692 0.09975961538461539
0 0.2247596153846154 0.19831730769230768 0.04447115384615385 0.10096153846153846
0 0.4254807692307692 0.2608173076923077 0.04567307692307692 0.15745192307692307
0 0.4567307692307692 0.4699519230769231 0.06370192307692307 0.10817307692307693
0 0.4735576923076923 0.24519230769230768 0.03125 0.08774038461538461
0 0.640625 0.25721153846153844 0.04927884615384615 0.12740384615384615
0 0.6478365384615384 0.5048076923076923 0.055288461538461536 0.12259615384615384
0 0.6790865384615384 0.49278846153846156 0.030048076923076924 0.07451923076923077
0 0.7079326923076923 0.2848557692307692 0.038461538461538464 0.13341346153846154
0 0.71875 0.3918269230769231 0.051682692307692304 0.140625
0 0.7235576923076923 0.4807692307692308 0.04807692307692308 0.10336538461538461
0 0.8846153846153846 0.3389423076923077 0.04807692307692308 0.16826923076923078
0 0.8954326923076923 0.5060096153846154 0.057692307692307696 0.11298076923076923
0 0.953125 0.4987980769230769 0.05048076923076923 0.109375
1 0.4074519230769231 0.5540865384615384 0.4699519230769231 0.14182692307692307