0 0.06370192307692307 0.5709134615384616 0.078125 0.11177884615384616
0 0.15144230769230768 0.5372596153846154 0.06610576923076923 0.09975961538461539
0 0.20673076923076922 0.53125 0.056490384615384616 0.10697115384615384
0 0.23197115384615385 0.5192307692307693 0.04567307692307692 0.10336538461538461
0 0.29447115384615385 0.5336538461538461 0.05048076923076923 0.078125
0 0.3389423076923077 0.5216346153846154 0.051682692307692304 0.10096153846153846
0 0.3629807692307692 0.47836538461538464 0.038461538461538464 0.08052884615384616
0 0.38822115384615385 0.5096153846153846 0.03365384615384615 0.11177884615384616
0 0.421875 0.5324519230769231 0.051682692307692304 0.06850961538461539
0 0.49038461538461536 0.5084134615384616 0.06850961538461539 0.1141826923076923
0 0.5540865384615384 0.5060096153846154 0.05048076923076923 0.10216346153846154
0 0.6105769230769231 0.5060096153846154 0.0733173076923077 0.10576923076923077
0 0.6394230769230769 0.5012019230769231 0.04447115384615385 0.078125
0 0.7043269230769231 0.515625 0.04807692307692308 0.08774038461538461
0 0.734375 0.5288461538461539 0.04807692307692308 0.0733173076923077
0 0.7872596153846154 0.5240384615384616 0.078125 0.08533653846153846
0 0.8185096153846154 0.5036057692307693 0.03485576923076923 0.08173076923076923
1 0.8858173076923077 0.703125 0.22596153846153846 0.4254807692307692