0 0.5120192307692307 0.23197115384615385 0.11057692307692307 0.2980769230769231
0 0.06009615384615385 0.4735576923076923 0.11899038461538461 0.29447115384615385
0 0.4014423076923077 0.22115384615384615 0.02283653846153846 0.0733173076923077
0 0.4206730769230769 0.21153846153846154 0.013221153846153846 0.052884615384615384
0 0.4338942307692308 0.21634615384615385 0.019230769230769232 0.057692307692307696
0 0.46033653846153844 0.2091346153846154 0.009615384615384616 0.055288461538461536
0 0.47115384615384615 0.20673076923076922 0.009615384615384616 0.04807692307692308
0 0.8197115384615384 0.22355769230769232 0.04567307692307692 0.16706730769230768
0 0.8617788461538461 0.22596153846153846 0.05048076923076923 0.171875
0 0.890625 0.2283653846153846 0.02403846153846154 0.14543269230769232
1 0.5108173076923077 0.5492788461538461 0.8317307692307693 0.5853365384615384
1 0.6899038461538461 0.26802884615384615 0.27524038461538464 0.2403846153846154