0 0.02403846153846154 0.6742788461538461 0.016826923076923076 0.03485576923076923
0 0.04807692307692308 0.6983173076923077 0.025240384615384616 0.09134615384615384
0 0.06370192307692307 0.7007211538461539 0.018028846153846152 0.06009615384615385
0 0.10817307692307693 0.6802884615384616 0.016826923076923076 0.051682692307692304
0 0.24519230769230768 0.6935096153846154 0.020432692307692308 0.08052884615384616
0 0.25841346153846156 0.6802884615384616 0.006009615384615385 0.026442307692307692
0 0.2704326923076923 0.6742788461538461 0.007211538461538462 0.021634615384615384
0 0.5072115384615384 0.6935096153846154 0.03485576923076923 0.09134615384615384
0 0.5144230769230769 0.6514423076923077 0.018028846153846152 0.03485576923076923
0 0.53125 0.6610576923076923 0.004807692307692308 0.019230769230769232
0 0.5865384615384616 0.7752403846153846 0.09375 0.27283653846153844
0 0.6117788461538461 0.6598557692307693 0.004807692307692308 0.026442307692307692
0 0.6730769230769231 0.6550480769230769 0.003605769230769231 0.014423076923076924
0 0.6754807692307693 0.6490384615384616 0.004807692307692308 0.021634615384615384
0 0.6947115384615384 0.6694711538461539 0.01201923076923077 0.06370192307692307
0 0.8569711538461539 0.6814903846153846 0.025240384615384616 0.056490384615384616
0 0.984375 0.6658653846153846 0.018028846153846152 0.07211538461538461
1 0.20072115384615385 0.6983173076923077 0.06490384615384616 0.0625
1 0.9014423076923077 0.8665865384615384 0.19591346153846154 0.2644230769230769