0 0.0889423076923077 0.7175480769230769 0.06009615384615385 0.18509615384615385
0 0.20673076923076922 0.6514423076923077 0.040865384615384616 0.12740384615384615
0 0.32572115384615385 0.6382211538461539 0.05048076923076923 0.07451923076923077
0 0.48197115384615385 0.6346153846153846 0.04447115384615385 0.1310096153846154
0 0.5372596153846154 0.6550480769230769 0.052884615384615384 0.1658653846153846
0 0.6045673076923077 0.6598557692307693 0.057692307692307696 0.12740384615384615
0 0.7211538461538461 0.6286057692307693 0.046875 0.11899038461538461
0 0.7680288461538461 0.6225961538461539 0.037259615384615384 0.12139423076923077
0 0.8677884615384616 0.6442307692307693 0.038461538461538464 0.1466346153846154
0 0.9110576923076923 0.6213942307692307 0.04567307692307692 0.11298076923076923
1 0.4050480769230769 0.7512019230769231 0.23677884615384615 0.2548076923076923
1 0.9555288461538461 0.7079326923076923 0.08774038461538461 0.1814903846153846