1 0.5204326923076923 0.6117788461538461 0.20793269230769232 0.17668269230769232
0 0.4074519230769231 0.6538461538461539 0.0889423076923077 0.3557692307692308
0 0.7403846153846154 0.5805288461538461 0.038461538461538464 0.10697115384615384
0 0.7536057692307693 0.5817307692307693 0.028846153846153848 0.10697115384615384
0 0.8209134615384616 0.5817307692307693 0.046875 0.203125
0 0.8882211538461539 0.59375 0.0625 0.1875
0 0.9483173076923077 0.6033653846153846 0.06850961538461539 0.18990384615384615
1 0.4423076923076923 0.6454326923076923 0.019230769230769232 0.109375
1 0.6189903846153846 0.5865384615384616 0.21875 0.1814903846153846
1 0.7199519230769231 0.5721153846153846 0.018028846153846152 0.046875
1 0.8353365384615384 0.49158653846153844 0.038461538461538464 0.025240384615384616
1 0.8677884615384616 0.5144230769230769 0.027644230769230768 0.019230769230769232
1 0.8822115384615384 0.49278846153846156 0.04927884615384615 0.025240384615384616
1 0.9086538461538461 0.4987980769230769 0.030048076923076924 0.01201923076923077
1 0.9567307692307693 0.5649038461538461 0.08413461538461539 0.14302884615384615