0 0.3858173076923077 0.5504807692307693 0.13341346153846154 0.6382211538461539
1 0.13581730769230768 0.5625 0.2704326923076923 0.3557692307692308
0 0.11778846153846154 0.38461538461538464 0.009615384615384616 0.025240384615384616
0 0.14903846153846154 0.41586538461538464 0.020432692307692308 0.040865384615384616
0 0.28125 0.4519230769230769 0.040865384615384616 0.13581730769230768
0 0.2764423076923077 0.45072115384615385 0.020432692307692308 0.13341346153846154
0 0.46274038461538464 0.4387019230769231 0.016826923076923076 0.0985576923076923
0 0.47115384615384615 0.4519230769230769 0.028846153846153848 0.12860576923076922
0 0.5036057692307693 0.4483173076923077 0.03365384615384615 0.13822115384615385
0 0.6550480769230769 0.4723557692307692 0.008413461538461538 0.046875
0 0.9411057692307693 0.4543269230769231 0.019230769230769232 0.06971153846153846