0 0.020432692307692308 0.29086538461538464 0.039663461538461536 0.17908653846153846
0 0.11538461538461539 0.17067307692307693 0.04326923076923077 0.14543269230769232
0 0.23317307692307693 0.07692307692307693 0.021634615384615384 0.039663461538461536
0 0.8737980769230769 0.1814903846153846 0.055288461538461536 0.078125
0 0.8930288461538461 0.19110576923076922 0.03125 0.06850961538461539
0 0.8942307692307693 0.171875 0.02283653846153846 0.05889423076923077
0 0.9242788461538461 0.17067307692307693 0.028846153846153848 0.08533653846153846
0 0.9555288461538461 0.20793269230769232 0.0733173076923077 0.19471153846153846
0 0.9855769230769231 0.24519230769230768 0.027644230769230768 0.22115384615384615
1 0.051682692307692304 0.17908653846153846 0.10216346153846154 0.1141826923076923
1 0.4879807692307692 0.49759615384615385 0.9759615384615384 0.8461538461538461
1 0.6923076923076923 0.26802884615384615 0.5853365384615384 0.3293269230769231
1 0.7920673076923077 0.15625 0.12620192307692307 0.08413461538461539