0 0.14423076923076922 0.30649038461538464 0.04567307692307692 0.1875
0 0.17668269230769232 0.29927884615384615 0.04927884615384615 0.18389423076923078
0 0.3605769230769231 0.32211538461538464 0.051682692307692304 0.0889423076923077
0 0.6490384615384616 0.21394230769230768 0.028846153846153848 0.03485576923076923
0 0.6850961538461539 0.2956730769230769 0.052884615384615384 0.0889423076923077
0 0.6826923076923077 0.21875 0.030048076923076924 0.04927884615384615
0 0.7307692307692307 0.22115384615384615 0.04927884615384615 0.06610576923076923
0 0.7944711538461539 0.28966346153846156 0.06610576923076923 0.15384615384615385
0 0.8173076923076923 0.26322115384615385 0.042067307692307696 0.15504807692307693
0 0.8509615384615384 0.2764423076923077 0.05048076923076923 0.1466346153846154
0 0.8449519230769231 0.3425480769230769 0.03365384615384615 0.09014423076923077
0 0.859375 0.2764423076923077 0.03245192307692308 0.1466346153846154
0 0.890625 0.30649038461538464 0.055288461538461536 0.21153846153846154
0 0.9206730769230769 0.27163461538461536 0.06009615384615385 0.16826923076923078
0 0.9951923076923077 0.30408653846153844 0.007211538461538462 0.05889423076923077
1 0.4891826923076923 0.5060096153846154 0.8725961538461539 0.6490384615384616