0 0.8617788461538461 0.31971153846153844 0.055288461538461536 0.18389423076923078
0 0.2692307692307692 0.3629807692307692 0.02403846153846154 0.10817307692307693
0 0.29447115384615385 0.36177884615384615 0.03485576923076923 0.09975961538461539
0 0.3545673076923077 0.35216346153846156 0.02403846153846154 0.109375
0 0.36899038461538464 0.34615384615384615 0.02283653846153846 0.12860576923076922
0 0.4026442307692308 0.3449519230769231 0.03485576923076923 0.13341346153846154
0 0.4326923076923077 0.3389423076923077 0.020432692307692308 0.12980769230769232
0 0.5276442307692307 0.36538461538461536 0.016826923076923076 0.09735576923076923
0 0.5576923076923077 0.3641826923076923 0.018028846153846152 0.10096153846153846
0 0.9387019230769231 0.3605769230769231 0.027644230769230768 0.08173076923076923
1 0.09014423076923077 0.3173076923076923 0.18028846153846154 0.18990384615384615