1 0.7920673076923077 0.5637019230769231 0.1814903846153846 0.12980769230769232
0 0.013221153846153846 0.5384615384615384 0.025240384615384616 0.07692307692307693
0 0.07572115384615384 0.5540865384615384 0.054086538461538464 0.18629807692307693
0 0.09254807692307693 0.5240384615384616 0.03365384615384615 0.1201923076923077
0 0.2848557692307692 0.5552884615384616 0.05048076923076923 0.14783653846153846
0 0.3605769230769231 0.5276442307692307 0.021634615384615384 0.11177884615384616
0 0.4050480769230769 0.5084134615384616 0.018028846153846152 0.07211538461538461
0 0.4387019230769231 0.5600961538461539 0.04447115384615385 0.11658653846153846
0 0.4735576923076923 0.5240384615384616 0.03485576923076923 0.06971153846153846
0 0.5444711538461539 0.5336538461538461 0.052884615384615384 0.10096153846153846
0 0.6141826923076923 0.5444711538461539 0.042067307692307696 0.09735576923076923
0 0.6430288461538461 0.5420673076923077 0.04447115384615385 0.07692307692307693
0 0.71875 0.5384615384615384 0.057692307692307696 0.10216346153846154
0 0.7427884615384616 0.5012019230769231 0.021634615384615384 0.038461538461538464
1 0.1045673076923077 0.5841346153846154 0.20793269230769232 0.14423076923076922
1 0.39783653846153844 0.484375 0.013221153846153846 0.027644230769230768
1 0.5240384615384616 0.5661057692307693 0.171875 0.12259615384615384
1 0.5961538461538461 0.5060096153846154 0.06009615384615385 0.06850961538461539
1 0.6983173076923077 0.5480769230769231 0.12259615384615384 0.12379807692307693