0 0.013221153846153846 0.5661057692307693 0.026442307692307692 0.5697115384615384
0 0.046875 0.546875 0.09375 0.45913461538461536
0 0.07932692307692307 0.5240384615384616 0.06971153846153846 0.3954326923076923
0 0.14302884615384615 0.36899038461538464 0.09375 0.17307692307692307
0 0.18269230769230768 0.3545673076923077 0.07451923076923077 0.1778846153846154
0 0.25 0.34975961538461536 0.06971153846153846 0.125
0 0.3016826923076923 0.33413461538461536 0.057692307692307696 0.10576923076923077
0 0.3557692307692308 0.3112980769230769 0.04447115384615385 0.09735576923076923
0 0.39302884615384615 0.3173076923076923 0.03245192307692308 0.07932692307692307
0 0.4170673076923077 0.3137019230769231 0.038461538461538464 0.06370192307692307
0 0.4387019230769231 0.31971153846153844 0.013221153846153846 0.03485576923076923
0 0.4675480769230769 0.3137019230769231 0.03365384615384615 0.046875
0 0.4987980769230769 0.3112980769230769 0.02403846153846154 0.05048076923076923
0 0.5516826923076923 0.4987980769230769 0.11658653846153846 0.6526442307692307
0 0.515625 0.24519230769230768 0.020432692307692308 0.038461538461538464
0 0.5444711538461539 0.24519230769230768 0.03365384615384615 0.07451923076923077
0 0.6766826923076923 0.5132211538461539 0.13581730769230768 0.6322115384615384
0 0.7680288461538461 0.3641826923076923 0.078125 0.19591346153846154
0 0.8329326923076923 0.35697115384615385 0.06971153846153846 0.21153846153846154
0 0.8894230769230769 0.375 0.06009615384615385 0.23197115384615385
0 0.9290865384615384 0.4543269230769231 0.06009615384615385 0.3473557692307692
0 0.9579326923076923 0.453125 0.051682692307692304 0.36899038461538464
0 0.9807692307692307 0.4519230769230769 0.036057692307692304 0.40024038461538464
1 0.5120192307692307 0.5733173076923077 0.8497596153846154 0.47836538461538464