0 0.12259615384615384 0.6069711538461539 0.08653846153846154 0.3076923076923077
0 0.15625 0.5552884615384616 0.07211538461538461 0.2848557692307692
0 0.25 0.5829326923076923 0.07091346153846154 0.27884615384615385
0 0.34134615384615385 0.5793269230769231 0.05889423076923077 0.2512019230769231
0 0.44711538461538464 0.546875 0.04927884615384615 0.18509615384615385
0 0.49278846153846156 0.49399038461538464 0.03365384615384615 0.13701923076923078
0 0.5336538461538461 0.49038461538461536 0.026442307692307692 0.1346153846153846
0 0.5865384615384616 0.47596153846153844 0.02403846153846154 0.109375
0 0.7668269230769231 0.4963942307692308 0.03365384615384615 0.140625
0 0.8149038461538461 0.49399038461538464 0.02403846153846154 0.11298076923076923
0 0.8725961538461539 0.4963942307692308 0.03125 0.12860576923076922
1 0.042067307692307696 0.4723557692307692 0.08413461538461539 0.06971153846153846
1 0.052884615384615384 0.5649038461538461 0.10576923076923077 0.296875
1 0.07211538461538461 0.4519230769230769 0.07572115384615384 0.040865384615384616
1 0.14423076923076922 0.49278846153846156 0.140625 0.1971153846153846