0 0.9338942307692307 0.3581730769230769 0.10096153846153846 0.5072115384615384
1 0.4675480769230769 0.5865384615384616 0.8413461538461539 0.6430288461538461
0 0.055288461538461536 0.4206730769230769 0.11057692307692307 0.734375
0 0.10817307692307693 0.21995192307692307 0.028846153846153848 0.07932692307692307
0 0.16947115384615385 0.21033653846153846 0.02403846153846154 0.056490384615384616
0 0.28125 0.1971153846153846 0.03485576923076923 0.05889423076923077
0 0.328125 0.20793269230769232 0.051682692307692304 0.0625
0 0.36177884615384615 0.21995192307692307 0.03125 0.12259615384615384
0 0.39302884615384615 0.22716346153846154 0.040865384615384616 0.09254807692307693
0 0.46634615384615385 0.25 0.03365384615384615 0.11658653846153846
0 0.5060096153846154 0.2536057692307692 0.052884615384615384 0.15384615384615385
0 0.5588942307692307 0.2536057692307692 0.036057692307692304 0.1466346153846154
0 0.5889423076923077 0.2536057692307692 0.028846153846153848 0.11057692307692307
0 0.6201923076923077 0.25240384615384615 0.025240384615384616 0.07211538461538461
0 0.7788461538461539 0.3004807692307692 0.09014423076923077 0.27403846153846156
0 0.84375 0.3112980769230769 0.0889423076923077 0.2536057692307692
1 0.23197115384615385 0.2956730769230769 0.27163461538461536 0.16346153846153846
1 0.3473557692307692 0.37740384615384615 0.5024038461538461 0.25841346153846156
1 0.19471153846153846 0.23677884615384615 0.16105769230769232 0.08413461538461539
1 0.2620192307692308 0.32211538461538464 0.2536057692307692 0.14423076923076922