0 0.026442307692307692 0.15504807692307693 0.015625 0.006009615384615385
0 0.0673076923076923 0.23918269230769232 0.06129807692307692 0.23317307692307693
0 0.0829326923076923 0.14903846153846154 0.016826923076923076 0.015625
0 0.08774038461538461 0.18389423076923078 0.018028846153846152 0.07091346153846154
0 0.10336538461538461 0.1971153846153846 0.028846153846153848 0.10336538461538461
0 0.11778846153846154 0.20552884615384615 0.016826923076923076 0.04927884615384615
0 0.11899038461538461 0.19951923076923078 0.007211538461538462 0.052884615384615384
0 0.12980769230769232 0.1971153846153846 0.026442307692307692 0.16947115384615385
0 0.12379807692307693 0.1622596153846154 0.010817307692307692 0.026442307692307692
0 0.1658653846153846 0.21033653846153846 0.06610576923076923 0.21033653846153846
0 0.18028846153846154 0.18509615384615385 0.02403846153846154 0.10817307692307693
0 0.20552884615384615 0.1935096153846154 0.019230769230769232 0.0829326923076923
0 0.25841346153846156 0.14903846153846154 0.025240384615384616 0.054086538461538464
0 0.2860576923076923 0.16947115384615385 0.018028846153846152 0.028846153846153848
0 0.2848557692307692 0.16466346153846154 0.007211538461538462 0.02283653846153846
0 0.29086538461538464 0.1658653846153846 0.007211538461538462 0.020432692307692308
0 0.32091346153846156 0.15865384615384615 0.04447115384615385 0.04326923076923077
0 0.33653846153846156 0.16346153846153846 0.009615384615384616 0.019230769230769232
0 0.36177884615384615 0.16947115384615385 0.021634615384615384 0.02283653846153846
0 0.39302884615384615 0.1658653846153846 0.01201923076923077 0.018028846153846152
0 0.40865384615384615 0.17307692307692307 0.02403846153846154 0.03485576923076923
0 0.42427884615384615 0.17307692307692307 0.013221153846153846 0.036057692307692304
0 0.43509615384615385 0.17307692307692307 0.013221153846153846 0.025240384615384616
0 0.4519230769230769 0.171875 0.015625 0.040865384615384616
0 0.4723557692307692 0.16706730769230768 0.03365384615384615 0.09615384615384616
0 0.48677884615384615 0.1875 0.030048076923076924 0.06610576923076923
0 0.5504807692307693 0.23798076923076922 0.046875 0.19591346153846154
0 0.6177884615384616 0.1622596153846154 0.025240384615384616 0.038461538461538464
0 0.6382211538461539 0.16706730769230768 0.015625 0.021634615384615384
0 0.6514423076923077 0.16346153846153846 0.013221153846153846 0.019230769230769232
0 0.7704326923076923 0.23197115384615385 0.13341346153846154 0.4170673076923077
0 0.8245192307692307 0.1466346153846154 0.02403846153846154 0.038461538461538464
0 0.8413461538461539 0.14182692307692307 0.027644230769230768 0.05048076923076923
0 0.8605769230769231 0.1622596153846154 0.019230769230769232 0.020432692307692308
0 0.9399038461538461 0.3088942307692308 0.11778846153846154 0.5757211538461539
0 0.8990384615384616 0.18028846153846154 0.02403846153846154 0.06971153846153846
0 0.9014423076923077 0.171875 0.016826923076923076 0.04567307692307692
1 0.04807692307692308 0.24519230769230768 0.09615384615384616 0.17548076923076922
1 0.1778846153846154 0.21754807692307693 0.12740384615384615 0.11538461538461539
1 0.53125 0.578125 0.8185096153846154 0.7355769230769231
1 0.36778846153846156 0.1658653846153846 0.051682692307692304 0.02283653846153846
1 0.4567307692307692 0.20192307692307693 0.09975961538461539 0.030048076923076924
1 0.6454326923076923 0.2548076923076923 0.15504807692307693 0.234375
1 0.8389423076923077 0.3786057692307692 0.31971153846153844 0.3269230769230769