0 0.07091346153846154 0.7211538461538461 0.021634615384615384 0.10096153846153846
0 0.2848557692307692 0.7211538461538461 0.02403846153846154 0.057692307692307696
0 0.3173076923076923 0.7463942307692307 0.04326923076923077 0.14783653846153846
0 0.3425480769230769 0.8461538461538461 0.09134615384615384 0.2692307692307692
0 0.3605769230769231 0.6634615384615384 0.009615384615384616 0.042067307692307696
0 0.5216346153846154 0.6490384615384616 0.007211538461538462 0.026442307692307692
0 0.5733173076923077 0.6694711538461539 0.013221153846153846 0.039663461538461536
0 0.6069711538461539 0.6995192307692307 0.02403846153846154 0.09495192307692307
0 0.828125 0.6466346153846154 0.006009615384615385 0.019230769230769232
0 0.8317307692307693 0.6670673076923077 0.007211538461538462 0.03365384615384615
0 0.90625 0.6598557692307693 0.013221153846153846 0.040865384615384616
1 0.037259615384615384 0.6995192307692307 0.06850961538461539 0.10336538461538461
1 0.125 0.6790865384615384 0.07692307692307693 0.09254807692307693
1 0.1778846153846154 0.6826923076923077 0.15264423076923078 0.08533653846153846
1 0.3329326923076923 0.7536057692307693 0.22596153846153846 0.17548076923076922
1 0.3016826923076923 0.6370192307692307 0.02403846153846154 0.020432692307692308
1 0.33052884615384615 0.6466346153846154 0.039663461538461536 0.03365384615384615
1 0.37259615384615385 0.6454326923076923 0.036057692307692304 0.025240384615384616
1 0.4014423076923077 0.6418269230769231 0.016826923076923076 0.019230769230769232
1 0.7800480769230769 0.6430288461538461 0.04447115384615385 0.039663461538461536