1 0.4326923076923077 0.5552884615384616 0.8641826923076923 0.7115384615384616
0 0.5961538461538461 0.3786057692307692 0.125 0.14543269230769232
0 0.6875 0.36899038461538464 0.04927884615384615 0.1201923076923077
0 0.7644230769230769 0.5697115384615384 0.15504807692307693 0.546875
1 0.1502403846153846 0.3389423076923077 0.2512019230769231 0.15144230769230768
1 0.18028846153846154 0.24879807692307693 0.056490384615384616 0.02403846153846154
1 0.21634615384615385 0.2403846153846154 0.028846153846153848 0.01201923076923077
1 0.26802884615384615 0.24158653846153846 0.038461538461538464 0.019230769230769232
1 0.30649038461538464 0.23798076923076922 0.028846153846153848 0.016826923076923076
1 0.33774038461538464 0.2403846153846154 0.02403846153846154 0.013221153846153846
1 0.3641826923076923 0.25240384615384615 0.054086538461538464 0.027644230769230768
1 0.47115384615384615 0.23557692307692307 0.06009615384615385 0.020432692307692308
1 0.7139423076923077 0.234375 0.042067307692307696 0.02403846153846154