1 0.5144230769230769 0.5805288461538461 0.8978365384615384 0.7331730769230769
0 0.014423076923076924 0.21995192307692307 0.028846153846153848 0.1310096153846154
0 0.037259615384615384 0.2548076923076923 0.039663461538461536 0.13942307692307693
0 0.07451923076923077 0.23197115384615385 0.025240384615384616 0.10817307692307693
0 0.08173076923076923 0.16466346153846154 0.028846153846153848 0.038461538461538464
0 0.0889423076923077 0.30528846153846156 0.028846153846153848 0.16706730769230768
0 0.09615384615384616 0.16466346153846154 0.02283653846153846 0.040865384615384616
0 0.1141826923076923 0.25961538461538464 0.04927884615384615 0.15745192307692307
0 0.15625 0.21514423076923078 0.026442307692307692 0.10096153846153846
0 0.16826923076923078 0.20673076923076922 0.03125 0.09014423076923077
0 0.17908653846153846 0.234375 0.030048076923076924 0.09254807692307693
0 0.18870192307692307 0.24278846153846154 0.042067307692307696 0.06009615384615385
0 0.19110576923076922 0.18629807692307693 0.020432692307692308 0.04567307692307692
0 0.19951923076923078 0.20072115384615385 0.02403846153846154 0.038461538461538464
0 0.21995192307692307 0.1875 0.02403846153846154 0.0733173076923077
0 0.2283653846153846 0.25 0.027644230769230768 0.06370192307692307
0 0.2848557692307692 0.22235576923076922 0.02403846153846154 0.06850961538461539
0 0.3016826923076923 0.22716346153846154 0.028846153846153848 0.05889423076923077
0 0.32211538461538464 0.23076923076923078 0.013221153846153846 0.03365384615384615
0 0.328125 0.1778846153846154 0.02283653846153846 0.04567307692307692
0 0.3389423076923077 0.203125 0.018028846153846152 0.08413461538461539
0 0.3701923076923077 0.2127403846153846 0.020432692307692308 0.057692307692307696
0 0.390625 0.21033653846153846 0.02403846153846154 0.05048076923076923
0 0.4026442307692308 0.21033653846153846 0.018028846153846152 0.055288461538461536
0 0.41947115384615385 0.20793269230769232 0.018028846153846152 0.052884615384615384
0 0.47115384615384615 0.21634615384615385 0.025240384615384616 0.042067307692307696
0 0.4795673076923077 0.22115384615384615 0.03245192307692308 0.039663461538461536
0 0.5060096153846154 0.21153846153846154 0.013221153846153846 0.046875
0 0.5600961538461539 0.21394230769230768 0.020432692307692308 0.037259615384615384
0 0.5625 0.21033653846153846 0.02283653846153846 0.052884615384615384
0 0.5925480769230769 0.23317307692307693 0.026442307692307692 0.07692307692307693
0 0.6129807692307693 0.25 0.037259615384615384 0.06850961538461539
0 0.6165865384615384 0.22596153846153846 0.021634615384615384 0.051682692307692304
0 0.6358173076923077 0.23918269230769232 0.02283653846153846 0.06850961538461539
0 0.6502403846153846 0.23918269230769232 0.019230769230769232 0.0673076923076923
0 0.6646634615384616 0.23557692307692307 0.021634615384615384 0.07211538461538461
0 0.6850961538461539 0.22596153846153846 0.03125 0.07932692307692307
0 0.6923076923076923 0.2692307692307692 0.03365384615384615 0.09975961538461539
0 0.7259615384615384 0.3557692307692308 0.078125 0.2247596153846154
0 0.7139423076923077 0.22716346153846154 0.030048076923076924 0.10576923076923077
0 0.7331730769230769 0.24158653846153846 0.02283653846153846 0.054086538461538464
0 0.7427884615384616 0.19230769230769232 0.03365384615384615 0.055288461538461536
0 0.7596153846153846 0.25 0.030048076923076924 0.07211538461538461
0 0.7644230769230769 0.22115384615384615 0.02283653846153846 0.04567307692307692
0 0.7776442307692307 0.24278846153846154 0.018028846153846152 0.08774038461538461
0 0.7884615384615384 0.2692307692307692 0.028846153846153848 0.1466346153846154
0 0.7956730769230769 0.19591346153846154 0.02403846153846154 0.057692307692307696
0 0.8173076923076923 0.1935096153846154 0.019230769230769232 0.026442307692307692
0 0.8413461538461539 0.2824519230769231 0.037259615384615384 0.15625
0 0.8389423076923077 0.1971153846153846 0.02403846153846154 0.06850961538461539
0 0.859375 0.21153846153846154 0.03245192307692308 0.0673076923076923
0 0.8774038461538461 0.28725961538461536 0.04927884615384615 0.1875
0 0.8882211538461539 0.18990384615384615 0.027644230769230768 0.019230769230769232
0 0.9050480769230769 0.21033653846153846 0.013221153846153846 0.052884615384615384
0 0.9266826923076923 0.28966346153846156 0.03485576923076923 0.20432692307692307
0 0.9399038461538461 0.1875 0.028846153846153848 0.051682692307692304
0 0.9603365384615384 0.29927884615384615 0.036057692307692304 0.15384615384615385
0 0.9675480769230769 0.20552884615384615 0.04447115384615385 0.05048076923076923
0 0.9867788461538461 0.234375 0.025240384615384616 0.078125
0 0.9927884615384616 0.2091346153846154 0.01201923076923077 0.042067307692307696
1 0.051682692307692304 0.41225961538461536 0.10336538461538461 0.27163461538461536