1 0.5264423076923077 0.5228365384615384 0.8016826923076923 0.3942307692307692
0 0.078125 0.5024038461538461 0.10216346153846154 0.4170673076923077
0 0.14543269230769232 0.5276442307692307 0.14903846153846154 0.48197115384615385
0 0.4206730769230769 0.33052884615384615 0.06009615384615385 0.17548076923076922
0 0.6634615384615384 0.3269230769230769 0.0673076923076923 0.08653846153846154
0 0.7463942307692307 0.31971153846153844 0.0829326923076923 0.13822115384615385
1 0.020432692307692308 0.42908653846153844 0.039663461538461536 0.1658653846153846
1 0.2824519230769231 0.3798076923076923 0.1814903846153846 0.1875
1 0.45913461538461536 0.36538461538461536 0.22115384615384615 0.15745192307692307
1 0.7271634615384616 0.3245192307692308 0.18028846153846154 0.13942307692307693
1 0.9302884615384616 0.33413461538461536 0.13701923076923078 0.1875