1 0.9254807692307693 0.7451923076923077 0.1466346153846154 0.484375
0 0.037259615384615384 0.31009615384615385 0.07451923076923077 0.1346153846153846
0 0.22355769230769232 0.5721153846153846 0.057692307692307696 0.17548076923076922
0 0.359375 0.5192307692307693 0.026442307692307692 0.08173076923076923
0 0.4375 0.515625 0.020432692307692308 0.0829326923076923
0 0.5036057692307693 0.5084134615384616 0.030048076923076924 0.0829326923076923
0 0.5384615384615384 0.5288461538461539 0.027644230769230768 0.09495192307692307
0 0.5841346153846154 0.6105769230769231 0.08052884615384616 0.2283653846153846
0 0.6514423076923077 0.6682692307692307 0.04567307692307692 0.2920673076923077
0 0.6911057692307693 0.6694711538461539 0.11538461538461539 0.3449519230769231
0 0.7127403846153846 0.5420673076923077 0.028846153846153848 0.0829326923076923
0 0.7632211538461539 0.49399038461538464 0.025240384615384616 0.09014423076923077
0 0.7824519230769231 0.5096153846153846 0.03125 0.07451923076923077
1 0.4014423076923077 0.5216346153846154 0.06490384615384616 0.08173076923076923
1 0.5576923076923077 0.5036057692307693 0.038461538461538464 0.054086538461538464
1 0.6177884615384616 0.5456730769230769 0.07211538461538461 0.14302884615384615
1 0.7043269230769231 0.5240384615384616 0.09254807692307693 0.10096153846153846
1 0.7944711538461539 0.5192307692307693 0.037259615384615384 0.06971153846153846
1 0.9807692307692307 0.4987980769230769 0.036057692307692304 0.042067307692307696