0 0.019230769230769232 0.06009615384615385 0.037259615384615384 0.09615384615384616
0 0.055288461538461536 0.6586538461538461 0.06971153846153846 0.12740384615384615
0 0.10817307692307693 0.04807692307692308 0.05048076923076923 0.09615384615384616
0 0.15384615384615385 0.8569711538461539 0.08653846153846154 0.15144230769230768
0 0.20552884615384615 0.5204326923076923 0.07451923076923077 0.0985576923076923
0 0.24639423076923078 0.8449519230769231 0.07932692307692307 0.13221153846153846
0 0.4795673076923077 0.4254807692307692 0.0829326923076923 0.09615384615384616
0 0.7668269230769231 0.7367788461538461 0.07451923076923077 0.0889423076923077
1 0.4891826923076923 0.6418269230769231 0.2800480769230769 0.28365384615384615
1 0.6826923076923077 0.12740384615384615 0.19110576923076922 0.1502403846153846
1 0.9399038461538461 0.04567307692307692 0.11778846153846154 0.08533653846153846