1 0.5228365384615384 0.4951923076923077 0.8401442307692307 0.39903846153846156
0 0.13581730769230768 0.49158653846153844 0.09975961538461539 0.30649038461538464
0 0.23557692307692307 0.40024038461538464 0.03125 0.11057692307692307
0 0.38100961538461536 0.29927884615384615 0.13581730769230768 0.234375
0 0.36658653846153844 0.2644230769230769 0.06971153846153846 0.15144230769230768
0 0.4675480769230769 0.3088942307692308 0.10216346153846154 0.26322115384615385
0 0.45552884615384615 0.23557692307692307 0.027644230769230768 0.07451923076923077
0 0.5108173076923077 0.23557692307692307 0.03245192307692308 0.04927884615384615
0 0.5276442307692307 0.38822115384615385 0.0673076923076923 0.1814903846153846
0 0.5396634615384616 0.24879807692307693 0.04807692307692308 0.1141826923076923
0 0.5637019230769231 0.38822115384615385 0.0829326923076923 0.1935096153846154
0 0.5757211538461539 0.2668269230769231 0.078125 0.11298076923076923
0 0.5961538461538461 0.2956730769230769 0.04447115384615385 0.07572115384615384
0 0.6274038461538461 0.390625 0.0889423076923077 0.18990384615384615
0 0.6790865384615384 0.375 0.07572115384615384 0.1875
0 0.7007211538461539 0.31850961538461536 0.02403846153846154 0.028846153846153848
0 0.7475961538461539 0.3701923076923077 0.08413461538461539 0.20793269230769232
0 0.8100961538461539 0.36538461538461536 0.06971153846153846 0.1814903846153846
0 0.8497596153846154 0.3545673076923077 0.07451923076923077 0.16826923076923078
0 0.9711538461538461 0.3894230769230769 0.055288461538461536 0.10336538461538461