0 0.2283653846153846 0.9423076923076923 0.08774038461538461 0.09975961538461539
0 0.056490384615384616 0.8461538461538461 0.0625 0.040865384615384616
0 0.08774038461538461 0.9471153846153846 0.08413461538461539 0.10336538461538461
0 0.078125 0.9194711538461539 0.02403846153846154 0.03365384615384615
0 0.13942307692307693 0.9471153846153846 0.08052884615384616 0.10336538461538461
0 0.34615384615384615 0.78125 0.016826923076923076 0.02403846153846154
0 0.4519230769230769 0.78125 0.025240384615384616 0.03245192307692308
0 0.9350961538461539 0.8365384615384616 0.042067307692307696 0.08653846153846154
1 0.17548076923076922 0.9338942307692307 0.34975961538461536 0.1310096153846154
1 0.3762019230769231 0.8269230769230769 0.14182692307692307 0.0673076923076923
1 0.5685096153846154 0.9254807692307693 0.38221153846153844 0.14783653846153846
1 0.6358173076923077 0.8221153846153846 0.17548076923076922 0.07692307692307693
1 0.8762019230769231 0.7704326923076923 0.08774038461538461 0.038461538461538464
1 0.9591346153846154 0.8100961538461539 0.07932692307692307 0.08653846153846154