0 0.025240384615384616 0.25961538461538464 0.04447115384615385 0.16826923076923078
0 0.0733173076923077 0.18389423076923078 0.051682692307692304 0.08653846153846154
0 0.12740384615384615 0.21514423076923078 0.04326923076923077 0.12740384615384615
0 0.12259615384615384 0.16105769230769232 0.028846153846153848 0.03485576923076923
0 0.2127403846153846 0.24519230769230768 0.04326923076923077 0.17668269230769232
0 0.6478365384615384 0.22956730769230768 0.04927884615384615 0.16826923076923078
0 0.6694711538461539 0.19591346153846154 0.03485576923076923 0.056490384615384616
0 0.6995192307692307 0.2283653846153846 0.07091346153846154 0.19831730769230768
0 0.9122596153846154 0.2704326923076923 0.10096153846153846 0.25961538461538464
0 0.9879807692307693 0.2403846153846154 0.02283653846153846 0.040865384615384616
1 0.06971153846153846 0.23918269230769232 0.11177884615384616 0.09495192307692307
1 0.5096153846153846 0.4050480769230769 0.90625 0.7908653846153846
1 0.18269230769230768 0.21634615384615385 0.10336538461538461 0.12379807692307693
1 0.9086538461538461 0.2848557692307692 0.1814903846153846 0.28125