0 0.028846153846153848 0.4098557692307692 0.056490384615384616 0.4675480769230769
0 0.03125 0.47596153846153844 0.0625 0.4110576923076923
0 0.24759615384615385 0.2439903846153846 0.04927884615384615 0.13221153846153846
0 0.28725961538461536 0.2403846153846154 0.056490384615384616 0.1141826923076923
0 0.3317307692307692 0.23677884615384615 0.026442307692307692 0.09014423076923077
0 0.47475961538461536 0.23197115384615385 0.09615384615384616 0.13822115384615385
0 0.5444711538461539 0.21995192307692307 0.038461538461538464 0.10096153846153846
0 0.5805288461538461 0.22115384615384615 0.07211538461538461 0.15865384615384615
0 0.6875 0.2127403846153846 0.036057692307692304 0.14302884615384615
0 0.7319711538461539 0.24879807692307693 0.0985576923076923 0.28725961538461536
0 0.8293269230769231 0.33653846153846156 0.07692307692307693 0.24278846153846154
0 0.8485576923076923 0.3245192307692308 0.03125 0.25240384615384615
0 0.9038461538461539 0.30528846153846156 0.08653846153846154 0.3425480769230769
0 0.9615384615384616 0.2824519230769231 0.07572115384615384 0.35697115384615385
1 0.12379807692307693 0.38221153846153844 0.17908653846153846 0.2776442307692308
1 0.5348557692307693 0.5372596153846154 0.8774038461538461 0.6117788461538461
1 0.19110576923076922 0.28725961538461536 0.12620192307692307 0.10096153846153846
1 0.3701923076923077 0.33653846153846156 0.3870192307692308 0.20673076923076922
1 0.5024038461538461 0.2956730769230769 0.12740384615384615 0.171875
1 0.8088942307692307 0.3173076923076923 0.3798076923076923 0.2439903846153846