0 0.037259615384615384 0.11057692307692307 0.05048076923076923 0.22115384615384615
0 0.10336538461538461 0.18389423076923078 0.12139423076923077 0.36658653846153844
0 0.22956730769230768 0.13701923076923078 0.042067307692307696 0.2620192307692308
0 0.27283653846153844 0.15745192307692307 0.0625 0.31490384615384615
0 0.36899038461538464 0.14423076923076922 0.055288461538461536 0.28846153846153844
0 0.4387019230769231 0.14423076923076922 0.06370192307692307 0.20673076923076922
0 0.42908653846153844 0.08413461538461539 0.03485576923076923 0.16826923076923078
0 0.46153846153846156 0.11057692307692307 0.028846153846153848 0.21033653846153846
0 0.4951923076923077 0.12860576923076922 0.06009615384615385 0.25721153846153844
0 0.5324519230769231 0.09375 0.055288461538461536 0.1875
0 0.5793269230769231 0.09254807692307693 0.04567307692307692 0.18389423076923078
0 0.6538461538461539 0.07692307692307693 0.052884615384615384 0.15384615384615385
0 0.7007211538461539 0.14543269230769232 0.03485576923076923 0.12740384615384615
0 0.7367788461538461 0.09975961538461539 0.06490384615384616 0.14423076923076922
0 0.7776442307692307 0.1141826923076923 0.03485576923076923 0.12980769230769232
0 0.8100961538461539 0.09615384615384616 0.055288461538461536 0.18028846153846154
0 0.8629807692307693 0.12860576923076922 0.07692307692307693 0.25721153846153844
0 0.9615384615384616 0.16105769230769232 0.07572115384615384 0.31971153846153844
1 0.018028846153846152 0.1310096153846154 0.036057692307692304 0.11778846153846154
1 0.07211538461538461 0.41586538461538464 0.14302884615384615 0.2848557692307692
1 0.22235576923076922 0.14903846153846154 0.21514423076923078 0.12860576923076922
1 0.5625 0.5480769230769231 0.7644230769230769 0.7884615384615384
1 0.4050480769230769 0.14543269230769232 0.140625 0.13581730769230768
1 0.6225961538461539 0.13341346153846154 0.1310096153846154 0.1346153846153846
1 0.9026442307692307 0.09615384615384616 0.03485576923076923 0.02283653846153846