0 0.009615384615384616 0.49759615384615385 0.018028846153846152 0.1814903846153846
0 0.057692307692307696 0.5420673076923077 0.08774038461538461 0.3088942307692308
0 0.1045673076923077 0.49278846153846156 0.06490384615384616 0.20432692307692307
0 0.1814903846153846 0.49399038461538464 0.046875 0.16346153846153846
0 0.21754807692307693 0.49158653846153844 0.03365384615384615 0.15985576923076922
0 0.3233173076923077 0.5096153846153846 0.03485576923076923 0.23798076923076922
0 0.5576923076923077 0.4807692307692308 0.039663461538461536 0.057692307692307696
0 0.5612980769230769 0.515625 0.040865384615384616 0.13822115384615385
0 0.6298076923076923 0.4831730769230769 0.042067307692307696 0.16105769230769232
0 0.6670673076923077 0.4543269230769231 0.038461538461538464 0.07572115384615384
0 0.6706730769230769 0.4579326923076923 0.04447115384615385 0.11057692307692307
0 0.8954326923076923 0.4206730769230769 0.07211538461538461 0.15625
0 0.9651442307692307 0.47716346153846156 0.039663461538461536 0.13701923076923078
0 0.9807692307692307 0.41947115384615385 0.037259615384615384 0.33774038461538464
1 0.5913461538461539 0.515625 0.15384615384615385 0.12740384615384615
1 0.7524038461538461 0.4951923076923077 0.22115384615384615 0.11538461538461539
1 0.9326923076923077 0.49399038461538464 0.028846153846153848 0.0625
1 0.9459134615384616 0.4723557692307692 0.015625 0.03245192307692308