0 0.0889423076923077 0.2920673076923077 0.1778846153846154 0.5841346153846154
0 0.18509615384615385 0.17548076923076922 0.12740384615384615 0.35096153846153844
0 0.3125 0.17908653846153846 0.0889423076923077 0.35697115384615385
0 0.38221153846153844 0.15144230769230768 0.07932692307692307 0.30288461538461536
0 0.5901442307692307 0.06129807692307692 0.09014423076923077 0.12139423076923077
0 0.6574519230769231 0.05048076923076923 0.052884615384615384 0.10096153846153846
0 0.6754807692307693 0.019230769230769232 0.018028846153846152 0.038461538461538464
0 0.7536057692307693 0.05889423076923077 0.06490384615384616 0.11658653846153846
0 0.8233173076923077 0.06971153846153846 0.06971153846153846 0.13942307692307693
0 0.8930288461538461 0.09615384615384616 0.04567307692307692 0.19230769230769232
0 0.9266826923076923 0.15745192307692307 0.07572115384615384 0.31490384615384615
1 0.5192307692307693 0.4987980769230769 0.7884615384615384 0.9975961538461539