0 0.5949519230769231 0.5396634615384616 0.09375 0.3737980769230769
0 0.08774038461538461 0.4567307692307692 0.027644230769230768 0.15865384615384615
0 0.14182692307692307 0.39903846153846156 0.025240384615384616 0.0625
0 0.18389423076923078 0.38461538461538464 0.02403846153846154 0.054086538461538464
0 0.19471153846153846 0.40384615384615385 0.03485576923076923 0.051682692307692304
0 0.2247596153846154 0.2980769230769231 0.013221153846153846 0.06850961538461539
0 0.24759615384615385 0.41947115384615385 0.026442307692307692 0.08653846153846154
0 0.2764423076923077 0.40865384615384615 0.03245192307692308 0.10697115384615384
0 0.35336538461538464 0.43990384615384615 0.027644230769230768 0.12980769230769232
0 0.3954326923076923 0.4326923076923077 0.02403846153846154 0.12980769230769232
0 0.42788461538461536 0.42788461538461536 0.03365384615384615 0.12980769230769232
0 0.4519230769230769 0.43028846153846156 0.026442307692307692 0.13581730769230768
0 0.4807692307692308 0.4362980769230769 0.02283653846153846 0.12620192307692307
0 0.49158653846153844 0.4050480769230769 0.018028846153846152 0.10697115384615384
0 0.5096153846153846 0.41346153846153844 0.009615384615384616 0.08653846153846154
0 0.5204326923076923 0.4098557692307692 0.016826923076923076 0.10576923076923077
0 0.5360576923076923 0.41346153846153844 0.016826923076923076 0.09134615384615384
0 0.6358173076923077 0.3858173076923077 0.020432692307692308 0.042067307692307696
0 0.6670673076923077 0.36899038461538464 0.0733173076923077 0.06129807692307692
0 0.71875 0.3858173076923077 0.02283653846153846 0.036057692307692304
0 0.75 0.37740384615384615 0.03245192307692308 0.08173076923076923
0 0.7860576923076923 0.39663461538461536 0.03245192307692308 0.0733173076923077
0 0.8257211538461539 0.44711538461538464 0.09615384615384616 0.5024038461538461
0 0.9266826923076923 0.4423076923076923 0.09254807692307693 0.44711538461538464
0 0.96875 0.43509615384615385 0.054086538461538464 0.24278846153846154
1 0.6634615384615384 0.4675480769230769 0.31009615384615385 0.14903846153846154