0 0.016826923076923076 0.21995192307692307 0.03365384615384615 0.06971153846153846
0 0.019230769230769232 0.2512019230769231 0.038461538461538464 0.12860576923076922
0 0.057692307692307696 0.2692307692307692 0.11538461538461539 0.19471153846153846
0 0.11057692307692307 0.21995192307692307 0.05048076923076923 0.040865384615384616
0 0.15985576923076922 0.21754807692307693 0.03125 0.04807692307692308
0 0.2247596153846154 0.22355769230769232 0.037259615384615384 0.08774038461538461
0 0.26802884615384615 0.19951923076923078 0.04807692307692308 0.051682692307692304
0 0.3112980769230769 0.20072115384615385 0.03125 0.040865384615384616
0 0.32211538461538464 0.26802884615384615 0.04447115384615385 0.06850961538461539
0 0.34375 0.21754807692307693 0.03245192307692308 0.07572115384615384
0 0.36177884615384615 0.2091346153846154 0.026442307692307692 0.06490384615384616
0 0.40625 0.20793269230769232 0.04447115384615385 0.04326923076923077
0 0.4387019230769231 0.23677884615384615 0.04447115384615385 0.14423076923076922
0 0.4723557692307692 0.23677884615384615 0.039663461538461536 0.17307692307692307
0 0.6262019230769231 0.2403846153846154 0.020432692307692308 0.03245192307692308
0 0.640625 0.21514423076923078 0.014423076923076924 0.036057692307692304
0 0.7247596153846154 0.2127403846153846 0.10096153846153846 0.10096153846153846
0 0.7427884615384616 0.23798076923076922 0.04567307692307692 0.05889423076923077
0 0.75 0.20552884615384615 0.04567307692307692 0.0889423076923077
0 0.8257211538461539 0.20673076923076922 0.03365384615384615 0.055288461538461536
1 0.15745192307692307 0.2848557692307692 0.31490384615384615 0.15504807692307693
1 0.2764423076923077 0.45913461538461536 0.5516826923076923 0.4074519230769231
1 0.8040865384615384 0.2536057692307692 0.08533653846153846 0.109375
1 0.9459134615384616 0.25600961538461536 0.10576923076923077 0.1201923076923077