0 0.16105769230769232 0.1622596153846154 0.030048076923076924 0.06971153846153846
0 0.2932692307692308 0.20072115384615385 0.12379807692307693 0.35336538461538464
0 0.45552884615384615 0.1935096153846154 0.09735576923076923 0.25240384615384615
0 0.5300480769230769 0.13822115384615385 0.02403846153846154 0.027644230769230768
0 0.5733173076923077 0.18990384615384615 0.057692307692307696 0.2283653846153846
0 0.7259615384615384 0.13341346153846154 0.025240384615384616 0.027644230769230768
0 0.7716346153846154 0.12740384615384615 0.027644230769230768 0.038461538461538464
0 0.8052884615384616 0.17067307692307693 0.038461538461538464 0.11538461538461539
0 0.8329326923076923 0.17908653846153846 0.03485576923076923 0.13701923076923078
0 0.9290865384615384 0.1502403846153846 0.02403846153846154 0.03245192307692308
0 0.9783653846153846 0.20552884615384615 0.042067307692307696 0.171875
1 0.0673076923076923 0.16947115384615385 0.1346153846153846 0.0985576923076923
1 0.9747596153846154 0.8221153846153846 0.04807692307692308 0.3485576923076923