0 0.4831730769230769 0.4326923076923077 0.11538461538461539 0.4338942307692308
1 0.8990384615384616 0.24158653846153846 0.15865384615384615 0.10096153846153846
0 0.26322115384615385 0.2127403846153846 0.03125 0.08173076923076923
0 0.2764423076923077 0.21153846153846154 0.025240384615384616 0.08653846153846154
0 0.3449519230769231 0.17307692307692307 0.04567307692307692 0.10817307692307693
0 0.48677884615384615 0.17668269230769232 0.015625 0.038461538461538464
0 0.5444711538461539 0.1875 0.009615384615384616 0.010817307692307692
0 0.8413461538461539 0.19471153846153846 0.020432692307692308 0.057692307692307696
0 0.9290865384615384 0.18629807692307693 0.016826923076923076 0.03485576923076923
0 0.9447115384615384 0.19591346153846154 0.013221153846153846 0.04567307692307692
1 0.09375 0.22596153846153846 0.0829326923076923 0.09375
1 0.5913461538461539 0.23317307692307693 0.1814903846153846 0.13221153846153846
1 0.9735576923076923 0.23798076923076922 0.051682692307692304 0.07932692307692307
1 0.9759615384615384 0.2800480769230769 0.04447115384615385 0.12379807692307693
1 0.9831730769230769 0.19831730769230768 0.03245192307692308 0.04326923076923077