0 0.25240384615384615 0.16706730769230768 0.17427884615384615 0.33413461538461536
1 0.5 0.5504807692307693 0.8774038461538461 0.7848557692307693
0 0.025240384615384616 0.28846153846153844 0.05048076923076923 0.48197115384615385
0 0.03365384615384615 0.0625 0.0625 0.125
0 0.06490384615384616 0.1622596153846154 0.04927884615384615 0.12259615384615384
0 0.484375 0.14182692307692307 0.1935096153846154 0.2824519230769231
0 0.5552884615384616 0.07211538461538461 0.078125 0.14423076923076922
0 0.7680288461538461 0.13581730769230768 0.13701923076923078 0.27163461538461536
1 0.20432692307692307 0.2980769230769231 0.40865384615384615 0.48197115384615385
1 0.375 0.17668269230769232 0.125 0.13822115384615385
1 0.9026442307692307 0.17548076923076922 0.0829326923076923 0.078125