1 0.7680288461538461 0.6971153846153846 0.18269230769230768 0.1141826923076923
0 0.2127403846153846 0.6694711538461539 0.019230769230769232 0.0673076923076923
0 0.23677884615384615 0.6694711538461539 0.021634615384615384 0.0673076923076923
0 0.8377403846153846 0.6490384615384616 0.027644230769230768 0.0625
0 0.8569711538461539 0.6286057692307693 0.019230769230769232 0.03365384615384615
0 0.8798076923076923 0.6706730769230769 0.038461538461538464 0.10336538461538461
0 0.875 0.6706730769230769 0.015625 0.09735576923076923
0 0.8930288461538461 0.671875 0.03485576923076923 0.125
0 0.9182692307692307 0.609375 0.015625 0.036057692307692304
0 0.9591346153846154 0.6213942307692307 0.019230769230769232 0.018028846153846152
0 0.9663461538461539 0.6009615384615384 0.010817307692307692 0.025240384615384616
0 0.9783653846153846 0.6189903846153846 0.021634615384615384 0.019230769230769232
1 0.38100961538461536 0.6454326923076923 0.02403846153846154 0.03365384615384615
1 0.4098557692307692 0.6706730769230769 0.06009615384615385 0.0673076923076923
1 0.4362980769230769 0.6442307692307693 0.028846153846153848 0.03245192307692308
1 0.47475961538461536 0.6502403846153846 0.07451923076923077 0.06490384615384616
1 0.5228365384615384 0.6610576923076923 0.0889423076923077 0.0733173076923077
1 0.6141826923076923 0.6658653846153846 0.11658653846153846 0.08774038461538461
1 0.9771634615384616 0.7391826923076923 0.04326923076923077 0.12139423076923077