0 0.25721153846153844 0.6225961538461539 0.1622596153846154 0.5564903846153846
1 0.9326923076923077 0.44711538461538464 0.12379807692307693 0.30649038461538464
0 0.5012019230769231 0.2980769230769231 0.007211538461538462 0.0673076923076923
0 0.5180288461538461 0.31009615384615385 0.020432692307692308 0.09254807692307693
0 0.5228365384615384 0.27163461538461536 0.008413461538461538 0.02283653846153846
0 0.5973557692307693 0.33413461538461536 0.025240384615384616 0.14543269230769232
0 0.6742788461538461 0.3581730769230769 0.039663461538461536 0.15504807692307693
0 0.703125 0.3545673076923077 0.026442307692307692 0.15865384615384615
0 0.7211538461538461 0.33774038461538464 0.028846153846153848 0.15865384615384615
0 0.7536057692307693 0.3137019230769231 0.015625 0.0673076923076923
1 0.11177884615384616 0.5540865384615384 0.22355769230769232 0.43509615384615385
1 0.5913461538461539 0.31850961538461536 0.12740384615384615 0.1201923076923077
1 0.6586538461538461 0.30528846153846156 0.018028846153846152 0.04927884615384615
1 0.7427884615384616 0.296875 0.02403846153846154 0.06370192307692307
1 0.7644230769230769 0.29086538461538464 0.013221153846153846 0.03125
1 0.8665865384615384 0.3293269230769231 0.0889423076923077 0.12379807692307693