0 0.9615384615384616 0.9206730769230769 0.04927884615384615 0.15625
0 0.008413461538461538 0.5721153846153846 0.016826923076923076 0.04807692307692308
0 0.007211538461538462 0.5396634615384616 0.014423076923076924 0.021634615384615384
0 0.028846153846153848 0.5733173076923077 0.019230769230769232 0.046875
0 0.039663461538461536 0.5673076923076923 0.013221153846153846 0.06009615384615385
0 0.0673076923076923 0.5649038461538461 0.018028846153846152 0.046875
0 0.09134615384615384 0.5649038461538461 0.02403846153846154 0.056490384615384616
0 0.11778846153846154 0.5528846153846154 0.013221153846153846 0.02283653846153846
0 0.11778846153846154 0.5685096153846154 0.013221153846153846 0.046875
0 0.13581730769230768 0.5745192307692307 0.010817307692307692 0.04807692307692308
0 0.14783653846153846 0.5721153846153846 0.013221153846153846 0.038461538461538464
0 0.15625 0.5745192307692307 0.015625 0.037259615384615384
0 0.171875 0.5709134615384616 0.015625 0.051682692307692304
0 0.18990384615384615 0.5745192307692307 0.018028846153846152 0.05048076923076923
0 0.22115384615384615 0.6586538461538461 0.03365384615384615 0.030048076923076924
0 0.22596153846153846 0.5757211538461539 0.014423076923076924 0.04567307692307692
0 0.22956730769230768 0.3125 0.018028846153846152 0.03365384615384615
0 0.2283653846153846 0.42788461538461536 0.010817307692307692 0.04326923076923077
0 0.23798076923076922 0.4375 0.020432692307692308 0.046875
0 0.2512019230769231 0.31490384615384615 0.015625 0.027644230769230768
0 0.2512019230769231 0.6165865384615384 0.015625 0.018028846153846152
0 0.2764423076923077 0.8125 0.046875 0.16105769230769232
0 0.3112980769230769 0.8125 0.04447115384615385 0.16105769230769232
0 0.32211538461538464 0.43990384615384615 0.016826923076923076 0.040865384615384616
0 0.3245192307692308 0.3161057692307692 0.013221153846153846 0.036057692307692304
0 0.34134615384615385 0.8052884615384616 0.03485576923076923 0.1658653846153846
0 0.3557692307692308 0.3245192307692308 0.01201923076923077 0.019230769230769232
0 0.38822115384615385 0.8064903846153846 0.038461538461538464 0.16826923076923078
0 0.4699519230769231 0.8834134615384616 0.15985576923076922 0.22956730769230768
0 0.4483173076923077 0.7608173076923077 0.040865384615384616 0.09735576923076923
0 0.4519230769230769 0.44591346153846156 0.007211538461538462 0.014423076923076924
0 0.46274038461538464 0.44711538461538464 0.003605769230769231 0.014423076923076924
0 0.47115384615384615 0.4423076923076923 0.008413461538461538 0.028846153846153848
0 0.4831730769230769 0.43990384615384615 0.018028846153846152 0.030048076923076924
0 0.4951923076923077 0.43990384615384615 0.010817307692307692 0.030048076923076924
0 0.5024038461538461 0.44591346153846156 0.016826923076923076 0.030048076923076924
0 0.5180288461538461 0.44350961538461536 0.009615384615384616 0.03245192307692308
0 0.5384615384615384 0.44711538461538464 0.015625 0.025240384615384616
0 0.6141826923076923 0.8100961538461539 0.04447115384615385 0.15625
0 0.6274038461538461 0.640625 0.03125 0.03245192307692308
0 0.6454326923076923 0.9134615384615384 0.06610576923076923 0.09375
0 0.6754807692307693 0.8052884615384616 0.04447115384615385 0.15625
0 0.703125 0.8786057692307693 0.051682692307692304 0.10336538461538461
0 0.8185096153846154 0.8954326923076923 0.18629807692307693 0.20673076923076922
0 0.7776442307692307 0.8100961538461539 0.03365384615384615 0.057692307692307696
0 0.8605769230769231 0.78125 0.04567307692307692 0.0889423076923077
0 0.9002403846153846 0.7956730769230769 0.036057692307692304 0.11778846153846154
0 0.9819711538461539 0.8149038461538461 0.03365384615384615 0.15865384615384615
1 0.08413461538461539 0.5300480769230769 0.028846153846153848 0.036057692307692304
1 0.09014423076923077 0.5576923076923077 0.03485576923076923 0.025240384615384616
1 0.13822115384615385 0.5252403846153846 0.06490384615384616 0.05048076923076923
1 0.21875 0.6814903846153846 0.20552884615384615 0.10817307692307693
1 0.24519230769230768 0.6322115384615384 0.17548076923076922 0.07091346153846154
1 0.18990384615384615 0.5480769230769231 0.030048076923076924 0.04807692307692308
1 0.6225961538461539 0.6610576923076923 0.1778846153846154 0.09375
1 0.6983173076923077 0.6899038461538461 0.20432692307692307 0.1045673076923077
1 0.9350961538461539 0.5384615384615384 0.04326923076923077 0.025240384615384616
1 0.9627403846153846 0.5420673076923077 0.036057692307692304 0.02283653846153846