0 0.3858173076923077 0.6370192307692307 0.10216346153846154 0.46274038461538464
0 0.5024038461538461 0.6141826923076923 0.08052884615384616 0.48677884615384615
0 0.5576923076923077 0.4855769230769231 0.02403846153846154 0.14423076923076922
0 0.6694711538461539 0.4579326923076923 0.009615384615384616 0.05889423076923077
0 0.703125 0.4519230769230769 0.019230769230769232 0.057692307692307696
0 0.8569711538461539 0.45552884615384615 0.025240384615384616 0.08052884615384616
0 0.8725961538461539 0.44591346153846156 0.013221153846153846 0.06490384615384616
0 0.9110576923076923 0.4519230769230769 0.03245192307692308 0.05889423076923077
0 0.9447115384615384 0.45552884615384615 0.016826923076923076 0.08052884615384616
0 0.9639423076923077 0.45072115384615385 0.019230769230769232 0.08052884615384616
1 0.04807692307692308 0.5516826923076923 0.09615384615384616 0.17548076923076922
1 0.2980769230769231 0.6887019230769231 0.5961538461538461 0.4579326923076923
1 0.30408653846153844 0.4579326923076923 0.23197115384615385 0.08413461538461539
1 0.43509615384615385 0.4699519230769231 0.0733173076923077 0.06009615384615385