1 0.7848557692307693 0.44471153846153844 0.40024038461538464 0.19831730769230768
0 0.026442307692307692 0.3389423076923077 0.05048076923076923 0.08653846153846154
0 0.0985576923076923 0.3713942307692308 0.036057692307692304 0.11177884615384616
0 0.4110576923076923 0.3798076923076923 0.052884615384615384 0.10817307692307693
0 0.43028846153846156 0.36658653846153844 0.03485576923076923 0.09975961538461539
0 0.5132211538461539 0.47836538461538464 0.16346153846153846 0.4362980769230769
0 0.44711538461538464 0.390625 0.018028846153846152 0.0625
1 0.03365384615384615 0.4326923076923077 0.0673076923076923 0.14543269230769232
1 0.49278846153846156 0.3701923076923077 0.04447115384615385 0.0733173076923077
1 0.6225961538461539 0.36899038461538464 0.028846153846153848 0.04567307692307692
1 0.6826923076923077 0.38461538461538464 0.09254807692307693 0.06009615384615385