0 0.12740384615384615 0.6598557692307693 0.2548076923076923 0.6766826923076923
0 0.11177884615384616 0.4579326923076923 0.07091346153846154 0.19951923076923078
0 0.2127403846153846 0.43509615384615385 0.06370192307692307 0.12860576923076922
0 0.2704326923076923 0.44471153846153844 0.052884615384615384 0.1466346153846154
0 0.3473557692307692 0.45913461538461536 0.04567307692307692 0.18990384615384615
0 0.40384615384615385 0.45072115384615385 0.051682692307692304 0.140625
0 0.45072115384615385 0.6141826923076923 0.11298076923076923 0.4879807692307692
0 0.4266826923076923 0.4050480769230769 0.02283653846153846 0.078125
0 0.453125 0.40384615384615385 0.020432692307692308 0.07451923076923077
0 0.5625 0.5492788461538461 0.14543269230769232 0.41586538461538464
0 0.7668269230769231 0.38822115384615385 0.02403846153846154 0.05889423076923077
0 0.78125 0.3641826923076923 0.02403846153846154 0.06610576923076923
1 0.7776442307692307 0.6971153846153846 0.4423076923076923 0.6045673076923077