0 0.07091346153846154 0.7752403846153846 0.06009615384615385 0.30528846153846156
0 0.11538461538461539 0.7848557692307693 0.055288461538461536 0.2980769230769231
0 0.14543269230769232 0.4963942307692308 0.028846153846153848 0.09014423076923077
0 0.15625 0.7079326923076923 0.042067307692307696 0.15745192307692307
0 0.1778846153846154 0.8617788461538461 0.07572115384615384 0.27403846153846156
0 0.27403846153846156 0.75 0.056490384615384616 0.2668269230769231
0 0.34134615384615385 0.6586538461538461 0.055288461538461536 0.14423076923076922
0 0.3701923076923077 0.5973557692307693 0.028846153846153848 0.10697115384615384
0 0.3858173076923077 0.7560096153846154 0.042067307692307696 0.2536057692307692
0 0.43509615384615385 0.7487980769230769 0.06009615384615385 0.2644230769230769
0 0.484375 0.9074519230769231 0.09375 0.18269230769230768
0 0.7091346153846154 0.38100961538461536 0.016826923076923076 0.09014423076923077
0 0.7367788461538461 0.3605769230769231 0.026442307692307692 0.09495192307692307
0 0.7992788461538461 0.40865384615384615 0.014423076923076924 0.08653846153846154
0 0.828125 0.7800480769230769 0.06490384615384616 0.23197115384615385
0 0.8269230769230769 0.4014423076923077 0.026442307692307692 0.09975961538461539
0 0.8389423076923077 0.6502403846153846 0.038461538461538464 0.17067307692307693
0 0.8798076923076923 0.3942307692307692 0.028846153846153848 0.09975961538461539
0 0.9543269230769231 0.8209134615384616 0.09014423076923077 0.30649038461538464
0 0.9387019230769231 0.78125 0.055288461538461536 0.24278846153846154
0 0.9411057692307693 0.6334134615384616 0.04447115384615385 0.10697115384615384
1 0.6201923076923077 0.43028846153846156 0.12379807692307693 0.11057692307692307
1 0.8774038461538461 0.5444711538461539 0.2091346153846154 0.15504807692307693