0 0.15384615384615385 0.7560096153846154 0.30649038461538464 0.48197115384615385
0 0.7752403846153846 0.4987980769230769 0.44471153846153844 0.9975961538461539
1 0.4987980769230769 0.4987980769230769 0.9975961538461539 0.9975961538461539
1 0.21514423076923078 0.44350961538461536 0.03485576923076923 0.015625
1 0.26802884615384615 0.4423076923076923 0.03365384615384615 0.019230769230769232
1 0.3545673076923077 0.4387019230769231 0.037259615384615384 0.015625
1 0.47836538461538464 0.4326923076923077 0.013221153846153846 0.021634615384615384
1 0.49038461538461536 0.4326923076923077 0.015625 0.015625
1 0.5276442307692307 0.4326923076923077 0.021634615384615384 0.015625
1 0.5709134615384616 0.43509615384615385 0.010817307692307692 0.01201923076923077
1 0.6274038461538461 0.42788461538461536 0.026442307692307692 0.015625
1 0.6838942307692307 0.43028846153846156 0.02403846153846154 0.015625
1 0.7007211538461539 0.4411057692307692 0.02403846153846154 0.02403846153846154