0 0.018028846153846152 0.028846153846153848 0.01201923076923077 0.057692307692307696
0 0.03365384615384615 0.03125 0.016826923076923076 0.06129807692307692
0 0.46634615384615385 0.3125 0.05048076923076923 0.19591346153846154
0 0.47836538461538464 0.17307692307692307 0.018028846153846152 0.028846153846153848
0 0.5024038461538461 0.1814903846153846 0.03365384615384615 0.04807692307692308
0 0.5480769230769231 0.29927884615384615 0.0625 0.18028846153846154
0 0.6310096153846154 0.3112980769230769 0.055288461538461536 0.16466346153846154
0 0.640625 0.11778846153846154 0.02283653846153846 0.07091346153846154
0 0.7860576923076923 0.1141826923076923 0.013221153846153846 0.03245192307692308
1 0.03485576923076923 0.15865384615384615 0.06971153846153846 0.12259615384615384
1 0.1935096153846154 0.2091346153846154 0.25841346153846156 0.15384615384615385
1 0.2668269230769231 0.0625 0.08413461538461539 0.054086538461538464
1 0.5240384615384616 0.26322115384615385 0.15865384615384615 0.17668269230769232
1 0.5649038461538461 0.109375 0.03125 0.06009615384615385
1 0.6742788461538461 0.1310096153846154 0.09615384615384616 0.055288461538461536
1 0.8305288461538461 0.14302884615384615 0.11778846153846154 0.08052884615384616
1 0.8942307692307693 0.1466346153846154 0.02403846153846154 0.05048076923076923
1 0.9555288461538461 0.16346153846153846 0.08653846153846154 0.07091346153846154