0 0.33052884615384615 0.7608173076923077 0.09615384615384616 0.33533653846153844
1 0.0829326923076923 0.7536057692307693 0.14302884615384615 0.2091346153846154
0 0.026442307692307692 0.7427884615384616 0.052884615384615384 0.33533653846153844
0 0.19110576923076922 0.7439903846153846 0.07211538461538461 0.33413461538461536
0 0.27884615384615385 0.7439903846153846 0.06490384615384616 0.30408653846153844
0 0.43990384615384615 0.703125 0.06971153846153846 0.07572115384615384
0 0.8341346153846154 0.7524038461538461 0.056490384615384616 0.16947115384615385
0 0.859375 0.6586538461538461 0.028846153846153848 0.10817307692307693
0 0.890625 0.6850961538461539 0.057692307692307696 0.14302884615384615
1 0.2704326923076923 0.7055288461538461 0.31850961538461536 0.28966346153846156
1 0.6045673076923077 0.7235576923076923 0.36899038461538464 0.3485576923076923
1 0.7295673076923077 0.6310096153846154 0.13942307692307693 0.09615384615384616
1 0.7920673076923077 0.6201923076923077 0.0985576923076923 0.09134615384615384
1 0.8725961538461539 0.5637019230769231 0.08173076923076923 0.06971153846153846
1 0.9266826923076923 0.7548076923076923 0.14302884615384615 0.3112980769230769
1 0.9711538461538461 0.5721153846153846 0.056490384615384616 0.054086538461538464