0 0.08653846153846154 0.5901442307692307 0.040865384615384616 0.16105769230769232
0 0.23557692307692307 0.5877403846153846 0.06610576923076923 0.2824519230769231
0 0.26802884615384615 0.5985576923076923 0.08052884615384616 0.24879807692307693
0 0.33774038461538464 0.5997596153846154 0.08413461538461539 0.24759615384615385
0 0.34134615384615385 0.4963942307692308 0.056490384615384616 0.1141826923076923
0 0.4375 0.6129807692307693 0.05889423076923077 0.27283653846153844
0 0.6081730769230769 0.6430288461538461 0.09615384615384616 0.17427884615384615
0 0.6838942307692307 0.5697115384615384 0.039663461538461536 0.06610576923076923
0 0.9098557692307693 0.6213942307692307 0.038461538461538464 0.08052884615384616
0 0.96875 0.6622596153846154 0.03365384615384615 0.054086538461538464
1 0.6959134615384616 0.7427884615384616 0.49278846153846156 0.47475961538461536