0 0.1045673076923077 0.1778846153846154 0.09615384615384616 0.3485576923076923
0 0.23557692307692307 0.25841346153846156 0.109375 0.21514423076923078
0 0.2548076923076923 0.09134615384615384 0.03485576923076923 0.14543269230769232
0 0.296875 0.0889423076923077 0.03245192307692308 0.13221153846153846
0 0.31971153846153844 0.09375 0.04326923076923077 0.140625
0 0.38100961538461536 0.10336538461538461 0.038461538461538464 0.15264423076923078
0 0.41947115384615385 0.10096153846153846 0.04567307692307692 0.15625
0 0.4831730769230769 0.33413461538461536 0.1658653846153846 0.2247596153846154
0 0.49759615384615385 0.38100961538461536 0.19110576923076922 0.34375
0 0.46274038461538464 0.09375 0.036057692307692304 0.12740384615384615
0 0.7572115384615384 0.2620192307692308 0.19230769230769232 0.5240384615384616
0 0.8473557692307693 0.09254807692307693 0.03485576923076923 0.10576923076923077
0 0.8942307692307693 0.11899038461538461 0.046875 0.16346153846153846
1 0.96875 0.19831730769230768 0.06129807692307692 0.25600961538461536