0 0.6262019230769231 0.10096153846153846 0.06971153846153846 0.1466346153846154
1 0.5552884615384616 0.5144230769230769 0.8377403846153846 0.7620192307692307
0 0.06490384615384616 0.32091346153846156 0.12860576923076922 0.6418269230769231
0 0.26802884615384615 0.1346153846153846 0.13221153846153846 0.2692307692307692
0 0.25721153846153844 0.036057692307692304 0.025240384615384616 0.03125
0 0.6935096153846154 0.12259615384615384 0.078125 0.1310096153846154
0 0.7163461538461539 0.09495192307692307 0.019230769230769232 0.06610576923076923
1 0.45552884615384615 0.01201923076923077 0.02403846153846154 0.01201923076923077
1 0.5 0.09975961538461539 0.013221153846153846 0.018028846153846152
1 0.5168269230769231 0.10096153846153846 0.013221153846153846 0.013221153846153846
1 0.5396634615384616 0.10096153846153846 0.015625 0.013221153846153846
1 0.8894230769230769 0.27403846153846156 0.21995192307692307 0.28365384615384615
1 0.9182692307692307 0.8125 0.16105769230769232 0.37259615384615385