0 0.8221153846153846 0.7860576923076923 0.09375 0.40865384615384615
0 0.140625 0.5805288461538461 0.28125 0.20432692307692307
0 0.21875 0.9639423076923077 0.06370192307692307 0.06971153846153846
0 0.29927884615384615 0.4987980769230769 0.02403846153846154 0.04927884615384615
0 0.39663461538461536 0.9158653846153846 0.11057692307692307 0.1658653846153846
0 0.46875 0.9110576923076923 0.09134615384615384 0.17548076923076922
0 0.8088942307692307 0.7860576923076923 0.3798076923076923 0.4254807692307692
0 0.7055288461538461 0.8858173076923077 0.13822115384615385 0.22355769230769232
0 0.6935096153846154 0.8677884615384616 0.078125 0.1875
0 0.8389423076923077 0.5432692307692307 0.28846153846153844 0.07932692307692307
1 0.49399038461538464 0.5300480769230769 0.45072115384615385 0.4483173076923077
1 0.8918269230769231 0.5661057692307693 0.12139423076923077 0.07692307692307693