1 0.5432692307692307 0.8112980769230769 0.1622596153846154 0.0889423076923077
0 0.08052884615384616 0.8305288461538461 0.08052884615384616 0.09735576923076923
0 0.5108173076923077 0.765625 0.018028846153846152 0.051682692307692304
0 0.5300480769230769 0.7608173076923077 0.02403846153846154 0.027644230769230768
0 0.6418269230769231 0.765625 0.02403846153846154 0.038461538461538464
0 0.7091346153846154 0.7584134615384616 0.019230769230769232 0.040865384615384616
0 0.734375 0.7596153846153846 0.015625 0.038461538461538464
0 0.8052884615384616 0.7451923076923077 0.021634615384615384 0.030048076923076924
1 0.03125 0.8125 0.06129807692307692 0.07572115384615384
1 0.06490384615384616 0.9651442307692307 0.12980769230769232 0.0673076923076923
1 0.6778846153846154 0.7980769230769231 0.1346153846153846 0.07451923076923077
1 0.7704326923076923 0.7884615384615384 0.13221153846153846 0.06129807692307692
1 0.9086538461538461 0.7752403846153846 0.0985576923076923 0.06971153846153846
1 0.953125 0.8076923076923077 0.09134615384615384 0.10697115384615384