0 0.5108173076923077 0.5084134615384616 0.055288461538461536 0.22596153846153846
0 0.15384615384615385 0.5456730769230769 0.11538461538461539 0.30288461538461536
0 0.4254807692307692 0.5192307692307693 0.078125 0.22115384615384615
0 0.921875 0.6394230769230769 0.0829326923076923 0.22115384615384615
1 0.020432692307692308 0.5973557692307693 0.040865384615384616 0.30408653846153844
1 0.078125 0.5168269230769231 0.15625 0.3161057692307692
1 0.10817307692307693 0.4963942307692308 0.21153846153846154 0.3894230769230769
1 0.23677884615384615 0.5108173076923077 0.09254807692307693 0.29447115384615385
1 0.31009615384615385 0.5120192307692307 0.1310096153846154 0.2548076923076923
1 0.2956730769230769 0.5396634615384616 0.07091346153846154 0.203125
1 0.3786057692307692 0.41586538461538464 0.08052884615384616 0.07932692307692307
1 0.38221153846153844 0.5096153846153846 0.04927884615384615 0.14302884615384615
1 0.4987980769230769 0.47836538461538464 0.08653846153846154 0.17427884615384615
1 0.5600961538461539 0.49158653846153844 0.054086538461538464 0.15985576923076922
1 0.5901442307692307 0.4651442307692308 0.09615384615384616 0.14182692307692307
1 0.640625 0.4206730769230769 0.038461538461538464 0.025240384615384616