1 0.12980769230769232 0.8545673076923077 0.25961538461538464 0.28846153846153844
0 0.33413461538461536 0.7956730769230769 0.052884615384615384 0.3173076923076923
0 0.3858173076923077 0.7512019230769231 0.11658653846153846 0.49399038461538464
0 0.5 0.8269230769230769 0.11057692307692307 0.3425480769230769
0 0.5925480769230769 0.8221153846153846 0.10096153846153846 0.3269230769230769
0 0.6514423076923077 0.8112980769230769 0.046875 0.27524038461538464
0 0.7355769230769231 0.8197115384615384 0.06610576923076923 0.27283653846153844
0 0.8052884615384616 0.7956730769230769 0.07692307692307693 0.24639423076923078
0 0.9242788461538461 0.7824519230769231 0.04927884615384615 0.25961538461538464
1 0.5324519230769231 0.8016826923076923 0.23076923076923078 0.25600961538461536
1 0.7139423076923077 0.8100961538461539 0.10576923076923077 0.15985576923076922
1 0.8978365384615384 0.7920673076923077 0.038461538461538464 0.052884615384615384