0 0.025240384615384616 0.6778846153846154 0.02403846153846154 0.052884615384615384
0 0.171875 0.8353365384615384 0.10817307692307693 0.3269230769230769
0 0.12980769230769232 0.6634615384615384 0.010817307692307692 0.03365384615384615
0 0.23918269230769232 0.7836538461538461 0.0673076923076923 0.234375
0 0.234375 0.6706730769230769 0.008413461538461538 0.040865384615384616
0 0.2860576923076923 0.8293269230769231 0.10697115384615384 0.33774038461538464
0 0.24639423076923078 0.6694711538461539 0.010817307692307692 0.03485576923076923
0 0.4026442307692308 0.6742788461538461 0.009615384615384616 0.025240384615384616
0 0.41466346153846156 0.671875 0.014423076923076924 0.039663461538461536
1 0.3161057692307692 0.6790865384615384 0.028846153846153848 0.04807692307692308
1 0.359375 0.6923076923076923 0.0733173076923077 0.04927884615384615
1 0.44471153846153844 0.6971153846153846 0.09134615384615384 0.06009615384615385
1 0.5805288461538461 0.7055288461538461 0.09735576923076923 0.05889423076923077