1 0.20552884615384615 0.59375 0.3701923076923077 0.2704326923076923
0 0.31850961538461536 0.5300480769230769 0.03485576923076923 0.08533653846153846
0 0.3557692307692308 0.5288461538461539 0.04807692307692308 0.13341346153846154
0 0.3954326923076923 0.5432692307692307 0.038461538461538464 0.1346153846153846
0 0.4375 0.5276442307692307 0.013221153846153846 0.07211538461538461
0 0.46274038461538464 0.5204326923076923 0.015625 0.078125
0 0.5841346153846154 0.5925480769230769 0.11658653846153846 0.3401442307692308
0 0.7487980769230769 0.5721153846153846 0.0985576923076923 0.25721153846153844
0 0.8341346153846154 0.49759615384615385 0.02403846153846154 0.08173076923076923
0 0.859375 0.5228365384615384 0.02283653846153846 0.125
0 0.875 0.5252403846153846 0.020432692307692308 0.12740384615384615
0 0.8954326923076923 0.5228365384615384 0.013221153846153846 0.13581730769230768
0 0.9050480769230769 0.5252403846153846 0.02403846153846154 0.140625
1 0.5120192307692307 0.5661057692307693 0.12620192307692307 0.15985576923076922