0 0.6526442307692307 0.5492788461538461 0.13341346153846154 0.42427884615384615
0 0.028846153846153848 0.47115384615384615 0.056490384615384616 0.234375
0 0.05048076923076923 0.4519230769230769 0.037259615384615384 0.25600961538461536
0 0.08533653846153846 0.4423076923076923 0.052884615384615384 0.1935096153846154
0 0.12740384615384615 0.3918269230769231 0.037259615384615384 0.11899038461538461
0 0.17548076923076922 0.38461538461538464 0.039663461538461536 0.12379807692307693
0 0.20552884615384615 0.3942307692307692 0.027644230769230768 0.12379807692307693
0 0.234375 0.3786057692307692 0.03245192307692308 0.12259615384615384
0 0.2548076923076923 0.3858173076923077 0.02403846153846154 0.1045673076923077
0 0.26802884615384615 0.3713942307692308 0.020432692307692308 0.11778846153846154
0 0.29447115384615385 0.36177884615384615 0.027644230769230768 0.10336538461538461
0 0.39302884615384615 0.5096153846153846 0.17307692307692307 0.40625
0 0.5240384615384616 0.39663461538461536 0.0625 0.22355769230769232
0 0.5973557692307693 0.33052884615384615 0.06971153846153846 0.15625
1 0.4362980769230769 0.32211538461538464 0.1310096153846154 0.0673076923076923
1 0.6358173076923077 0.37259615384615385 0.19591346153846154 0.234375