0 0.5132211538461539 0.6021634615384616 0.07211538461538461 0.2548076923076923
1 0.1875 0.6862980769230769 0.375 0.2439903846153846
0 0.020432692307692308 0.46875 0.028846153846153848 0.08774038461538461
0 0.051682692307692304 0.4675480769230769 0.02283653846153846 0.051682692307692304
0 0.06009615384615385 0.44711538461538464 0.025240384615384616 0.06610576923076923
0 0.10336538461538461 0.44711538461538464 0.026442307692307692 0.09134615384615384
0 0.16105769230769232 0.5084134615384616 0.028846153846153848 0.0829326923076923
0 0.1935096153846154 0.4951923076923077 0.05048076923076923 0.11538461538461539
0 0.25 0.4879807692307692 0.020432692307692308 0.078125
0 0.2824519230769231 0.4423076923076923 0.016826923076923076 0.0889423076923077
0 0.30288461538461536 0.4423076923076923 0.028846153846153848 0.078125
0 0.38221153846153844 0.6490384615384616 0.07572115384615384 0.23677884615384615
0 0.3894230769230769 0.5180288461538461 0.04447115384615385 0.13942307692307693
0 0.4675480769230769 0.3894230769230769 0.0985576923076923 0.10576923076923077
0 0.43990384615384615 0.5072115384615384 0.040865384615384616 0.14783653846153846
0 0.5084134615384616 0.49399038461538464 0.04927884615384615 0.10216346153846154
0 0.5492788461538461 0.5492788461538461 0.025240384615384616 0.234375
0 0.5985576923076923 0.43990384615384615 0.042067307692307696 0.109375
0 0.6610576923076923 0.5528846153846154 0.07932692307692307 0.11538461538461539
0 0.6430288461538461 0.3713942307692308 0.02283653846153846 0.054086538461538464
0 0.6826923076923077 0.4855769230769231 0.055288461538461536 0.09254807692307693
0 0.6923076923076923 0.3798076923076923 0.014423076923076924 0.06490384615384616
0 0.7259615384615384 0.5060096153846154 0.040865384615384616 0.11538461538461539
0 0.7403846153846154 0.4579326923076923 0.028846153846153848 0.10576923076923077
0 0.7403846153846154 0.39302884615384615 0.015625 0.036057692307692304
0 0.765625 0.45552884615384615 0.018028846153846152 0.12259615384615384
0 0.8028846153846154 0.37740384615384615 0.015625 0.039663461538461536
0 0.8221153846153846 0.359375 0.01201923076923077 0.0625
0 0.9447115384615384 0.4579326923076923 0.038461538461538464 0.04567307692307692
1 0.8990384615384616 0.38341346153846156 0.06490384615384616 0.020432692307692308