0 0.6430288461538461 0.6478365384615384 0.12259615384615384 0.4543269230769231
1 0.7439903846153846 0.5432692307692307 0.3641826923076923 0.5144230769230769
0 0.38822115384615385 0.2956730769230769 0.018028846153846152 0.05048076923076923
0 0.4326923076923077 0.38221153846153844 0.06971153846153846 0.25
0 0.5084134615384616 0.6598557692307693 0.18990384615384615 0.6766826923076923
0 0.4579326923076923 0.3112980769230769 0.04447115384615385 0.12379807692307693
0 0.5084134615384616 0.3425480769230769 0.08052884615384616 0.21754807692307693
0 0.5612980769230769 0.3701923076923077 0.036057692307692304 0.19951923076923078
0 0.59375 0.3425480769230769 0.042067307692307696 0.125
0 0.5829326923076923 0.2860576923076923 0.019230769230769232 0.04567307692307692
0 0.6370192307692307 0.32572115384615385 0.046875 0.1201923076923077
0 0.6923076923076923 0.33413461538461536 0.04927884615384615 0.109375
0 0.7427884615384616 0.3329326923076923 0.06610576923076923 0.13942307692307693
0 0.7776442307692307 0.3137019230769231 0.021634615384615384 0.0673076923076923
0 0.859375 0.546875 0.11177884615384616 0.6394230769230769
0 0.9110576923076923 0.8725961538461539 0.17427884615384615 0.2512019230769231
0 0.8846153846153846 0.30528846153846156 0.02283653846153846 0.0625
0 0.9651442307692307 0.49399038461538464 0.06850961538461539 0.44591346153846156
1 0.21995192307692307 0.4987980769230769 0.3918269230769231 0.9975961538461539