0 0.9326923076923077 0.5300480769230769 0.07932692307692307 0.45913461538461536
0 0.06971153846153846 0.4699519230769231 0.036057692307692304 0.18028846153846154
0 0.32091346153846156 0.5144230769230769 0.0673076923076923 0.1045673076923077
0 0.49399038461538464 0.4735576923076923 0.11177884615384616 0.13822115384615385
0 0.49399038461538464 0.3545673076923077 0.026442307692307692 0.015625
0 0.5336538461538461 0.36538461538461536 0.026442307692307692 0.018028846153846152
0 0.5649038461538461 0.38100961538461536 0.026442307692307692 0.07091346153846154
0 0.7512019230769231 0.4230769230769231 0.038461538461538464 0.0985576923076923
0 0.7908653846153846 0.4423076923076923 0.04326923076923077 0.11538461538461539
0 0.8173076923076923 0.5480769230769231 0.06971153846153846 0.3401442307692308
0 0.8966346153846154 0.5276442307692307 0.06009615384615385 0.38822115384615385
0 0.96875 0.5252403846153846 0.054086538461538464 0.33774038461538464
0 0.9891826923076923 0.5733173076923077 0.018028846153846152 0.38461538461538464
1 0.06490384615384616 0.4423076923076923 0.12860576923076922 0.19591346153846154
1 0.09615384615384616 0.5036057692307693 0.039663461538461536 0.109375
1 0.43509615384615385 0.6514423076923077 0.6778846153846154 0.5913461538461539
1 0.6694711538461539 0.5456730769230769 0.34615384615384615 0.24639423076923078