0 0.8125 0.7668269230769231 0.07211538461538461 0.23557692307692307
0 0.14302884615384615 0.7307692307692307 0.10697115384615384 0.11538461538461539
0 0.20072115384615385 0.7692307692307693 0.06009615384615385 0.140625
0 0.4699519230769231 0.8473557692307693 0.18990384615384615 0.3016826923076923
0 0.5492788461538461 0.5661057692307693 0.013221153846153846 0.03485576923076923
0 0.5637019230769231 0.6009615384615384 0.010817307692307692 0.04326923076923077
0 0.5733173076923077 0.6141826923076923 0.020432692307692308 0.08052884615384616
0 0.6045673076923077 0.6634615384615384 0.025240384615384616 0.10697115384615384
0 0.71875 0.8257211538461539 0.09615384615384616 0.34615384615384615
0 0.9182692307692307 0.8173076923076923 0.06971153846153846 0.2668269230769231
1 0.4831730769230769 0.47716346153846156 0.026442307692307692 0.039663461538461536
1 0.5096153846153846 0.47115384615384615 0.02283653846153846 0.04567307692307692