0 0.18870192307692307 0.6646634615384616 0.014423076923076924 0.13341346153846154
0 0.1935096153846154 0.6730769230769231 0.01201923076923077 0.14302884615384615
0 0.4170673076923077 0.7067307692307693 0.14903846153846154 0.46875
0 0.6021634615384616 0.6526442307692307 0.039663461538461536 0.11298076923076923
0 0.6370192307692307 0.6826923076923077 0.06971153846153846 0.1971153846153846
0 0.6862980769230769 0.6706730769230769 0.04567307692307692 0.17067307692307693
0 0.7944711538461539 0.6742788461538461 0.0985576923076923 0.2776442307692308
0 0.8377403846153846 0.7103365384615384 0.0889423076923077 0.32572115384615385
0 0.9110576923076923 0.27283653846153844 0.11778846153846154 0.18389423076923078
1 0.24759615384615385 0.6646634615384616 0.04447115384615385 0.09134615384615384
1 0.30408653846153844 0.6911057692307693 0.039663461538461536 0.17067307692307693
1 0.4182692307692308 0.7103365384615384 0.22716346153846154 0.36658653846153844
1 0.5661057692307693 0.6310096153846154 0.03365384615384615 0.05889423076923077
1 0.7067307692307693 0.6802884615384616 0.08533653846153846 0.11177884615384616