1 0.453125 0.5336538461538461 0.7475961538461539 0.9038461538461539
0 0.8028846153846154 0.2548076923076923 0.2127403846153846 0.2824519230769231
0 0.9098557692307693 0.09975961538461539 0.038461538461538464 0.1658653846153846
0 0.9759615384615384 0.0889423076923077 0.04447115384615385 0.0985576923076923
1 0.07692307692307693 0.2091346153846154 0.15384615384615385 0.0829326923076923
1 0.203125 0.3557692307692308 0.40625 0.3389423076923077
1 0.35697115384615385 0.1502403846153846 0.2644230769230769 0.13942307692307693
1 0.4519230769230769 0.10096153846153846 0.07572115384615384 0.06850961538461539
1 0.5793269230769231 0.10336538461538461 0.0733173076923077 0.07932692307692307
1 0.7115384615384616 0.15384615384615385 0.140625 0.08653846153846154
1 0.7199519230769231 0.0889423076923077 0.06610576923076923 0.0625
1 0.8858173076923077 0.19110576923076922 0.22596153846153846 0.13581730769230768